8.000000000000004885e-01
1.270000000000000906e+00
1.660000000000001030e+00
2.070000000000001172e+00
2.570000000000000284e+00
3.059999999999997833e+00
3.509999999999997122e+00
3.769999999999997797e+00
4.059999999999996945e+00
4.579999999999996518e+00
5.039999999999995595e+00
5.379999999999999893e+00
5.779999999999996696e+00
6.249999999999995559e+00
6.689999999999996838e+00
7.069999999999996732e+00
7.449999999999996625e+00
7.870000000000000107e+00
8.309999999999996945e+00
8.799999999999997158e+00
9.199999999999995737e+00
9.689999999999995950e+00
1.008999999999999275e+01
1.048999999999999488e+01
1.087999999999999190e+01
1.131999999999999318e+01
1.178999999999999382e+01
1.222999999999999865e+01
1.252999999999999936e+01
1.293000000000000149e+01
1.338000000000000433e+01
1.379000000000000092e+01
1.415000000000000568e+01
1.453000000000001357e+01
1.493000000000001748e+01
1.534000000000001585e+01
1.581000000000001471e+01
1.613000000000000966e+01
1.651000000000000512e+01
1.698000000000000043e+01
1.735000000000000142e+01
1.781000000000000227e+01
1.819000000000000128e+01
1.860999999999999943e+01
1.905000000000000071e+01
1.952000000000000668e+01
1.987000000000000099e+01
2.018000000000000682e+01
2.067000000000000526e+01
2.122000000000000242e+01
2.162000000000000099e+01
2.199000000000001620e+01
2.239000000000000767e+01
2.286000000000001720e+01
2.329000000000002046e+01
2.372000000000000952e+01
2.417999999999999616e+01
2.457999999999999829e+01
2.495999999999999730e+01
2.528999999999999915e+01
2.573999999999999488e+01
2.614999999999999147e+01
2.662000000000000455e+01
2.702999999999999403e+01
2.749000000000000199e+01
2.793000000000001037e+01
2.824999999999999289e+01
2.864999999999999503e+01
2.915999999999999659e+01
2.950000000000000355e+01
2.989000000000000412e+01
3.026999999999999247e+01
3.070999999999999019e+01
3.118999999999999062e+01
3.162999999999998479e+01
3.205999999999998096e+01
3.243999999999999062e+01
3.285999999999997812e+01
3.329999999999999716e+01
3.374000000000000199e+01
3.416999999999999460e+01
3.453999999999999204e+01
3.491999999999999460e+01
3.521999999999999886e+01
3.547999999999998977e+01
3.592000000000000171e+01
3.635000000000000853e+01
3.681000000000001648e+01
3.713000000000000966e+01
3.750000000000000711e+01
3.802000000000001023e+01
3.846000000000001506e+01
3.882000000000000739e+01
3.904999999999999005e+01
3.945999999999997954e+01
3.981999999999999318e+01
4.022999999999999687e+01
4.062999999999999545e+01
4.105000000000001137e+01
4.138000000000000256e+01
