6.700000000000003730e-01
1.290000000000000702e+00
1.790000000000001368e+00
2.110000000000001208e+00
2.470000000000000195e+00
2.699999999999998845e+00
3.099999999999998757e+00
3.449999999999998845e+00
3.639999999999997904e+00
3.899999999999996358e+00
4.149999999999996803e+00
4.499999999999996447e+00
4.819999999999996732e+00
5.169999999999996376e+00
5.419999999999993712e+00
5.759999999999995346e+00
6.089999999999995417e+00
6.339999999999995417e+00
6.669999999999996376e+00
6.919999999999999929e+00
7.179999999999999716e+00
7.510000000000002451e+00
7.830000000000000959e+00
8.150000000000000355e+00
8.429999999999999716e+00
8.750000000000000000e+00
9.069999999999996732e+00
9.269999999999994245e+00
9.529999999999994031e+00
9.819999999999993179e+00
1.012999999999999190e+01
1.048999999999999133e+01
1.079999999999999361e+01
1.115999999999999659e+01
1.145999999999999552e+01
1.183999999999999453e+01
1.216999999999999638e+01
1.249000000000000377e+01
1.278000000000000469e+01
1.307000000000000917e+01
1.345000000000000995e+01
1.373000000000001464e+01
1.409000000000001052e+01
1.451000000000000867e+01
1.482000000000001094e+01
1.516000000000001080e+01
1.560000000000001030e+01
1.588000000000000789e+01
1.618000000000000682e+01
1.649000000000000554e+01
1.673000000000000753e+01
1.701000000000000867e+01
1.732000000000000384e+01
1.766999999999999815e+01
1.791999999999999815e+01
1.823999999999999133e+01
1.853999999999999559e+01
1.880999999999999872e+01
1.913000000000000256e+01
1.933999999999999986e+01
1.974000000000001620e+01
2.004000000000000625e+01
2.031000000000000583e+01
2.055000000000001492e+01
2.080000000000001492e+01
2.107000000000001094e+01
2.140000000000001990e+01
2.177000000000000668e+01
2.209000000000000341e+01
2.238000000000000966e+01
2.268000000000000327e+01
2.309000000000000341e+01
2.343999999999999062e+01
2.369999999999998863e+01
2.400999999999999091e+01
2.432999999999999829e+01
2.455999999999999517e+01
2.483000000000000185e+01
2.516999999999999460e+01
2.547999999999999687e+01
2.575999999999998735e+01
2.601000000000000512e+01
2.631000000000001293e+01
2.671999999999999531e+01
2.696999999999999531e+01
2.735000000000000142e+01
2.764999999999999147e+01
2.790999999999999659e+01
2.817999999999999972e+01
2.847999999999998977e+01
2.878999999999999204e+01
2.903999999999998494e+01
2.932999999999998764e+01
2.956999999999998607e+01
2.991999999999998039e+01
3.022999999999998622e+01
3.051999999999998536e+01
3.079999999999998650e+01
3.103999999999998494e+01
3.139999999999998792e+01
