6.800000000000004929e-01 7.700000000000005729e-01 9.900000000000007683e-01
1.104999999999999760e+00 1.234999999999999432e+00 1.424999999999998490e+00
1.469999999999997309e+00 1.814999999999996616e+00 2.039999999999996483e+00
1.929999999999995053e+00 2.224999999999996092e+00 2.614999999999995772e+00
2.319999999999991847e+00 2.739999999999995772e+00 3.219999999999997531e+00
2.679999999999996163e+00 3.239999999999997993e+00 3.844999999999998419e+00
3.054999999999995719e+00 3.744999999999997442e+00 4.479999999999995097e+00
3.419999999999996376e+00 4.199999999999993960e+00 4.964999999999998082e+00
3.739999999999996660e+00 4.664999999999996483e+00 5.525000000000003908e+00
4.149999999999995026e+00 5.144999999999998685e+00 6.000000000000002665e+00
4.614999999999995772e+00 5.630000000000001670e+00 6.600000000000004086e+00
4.994999999999998330e+00 6.120000000000005436e+00 7.140000000000005898e+00
5.400000000000001243e+00 6.645000000000007567e+00 7.710000000000004405e+00
5.700000000000002842e+00 7.120000000000006324e+00 8.299999999999997158e+00
6.005000000000006999e+00 7.600000000000004086e+00 8.884999999999992681e+00
6.420000000000007923e+00 8.115000000000001990e+00 9.469999999999998863e+00
6.820000000000007390e+00 8.524999999999998579e+00 1.006499999999999240e+01
7.200000000000004619e+00 8.969999999999997087e+00 1.066499999999999027e+01
7.585000000000003517e+00 9.494999999999992113e+00 1.122999999999999332e+01
8.014999999999998792e+00 9.944999999999987850e+00 1.175500000000000078e+01
8.365000000000000213e+00 1.037499999999998579e+01 1.235500000000000043e+01
8.759999999999996234e+00 1.082999999999999119e+01 1.295000000000000284e+01
9.194999999999991402e+00 1.121499999999999098e+01 1.346499999999999631e+01
9.599999999999992539e+00 1.171499999999999275e+01 1.408500000000000085e+01
9.964999999999998082e+00 1.222499999999999609e+01 1.464000000000000590e+01
1.039000000000000057e+01 1.274999999999999645e+01 1.534000000000001407e+01
1.085500000000000398e+01 1.323000000000000043e+01 1.583500000000001506e+01
1.118499999999999872e+01 1.367999999999999261e+01 1.636500000000001975e+01
1.157499999999999929e+01 1.416499999999999915e+01 1.696500000000001407e+01
1.192499999999999183e+01 1.467000000000000171e+01 1.756500000000000128e+01
1.229499999999999815e+01 1.513000000000000078e+01 1.806500000000000128e+01
1.260000000000000142e+01 1.561000000000000476e+01 1.868000000000001748e+01
1.300499999999999723e+01 1.603500000000000369e+01 1.929000000000000981e+01
1.336499999999999844e+01 1.652000000000000668e+01 1.986499999999999844e+01
1.370999999999999908e+01 1.696000000000001151e+01 2.039500000000001023e+01
1.408999999999999808e+01 1.744500000000001805e+01 2.101000000000001222e+01
1.446000000000000085e+01 1.785500000000001819e+01 2.150500000000000966e+01
1.479500000000000526e+01 1.838500000000001933e+01 2.209499999999998820e+01
1.518500000000000405e+01 1.886500000000001265e+01 2.258999999999998209e+01
1.559000000000001229e+01 1.933000000000001961e+01 2.313499999999998735e+01
1.599000000000000909e+01 1.985500000000000753e+01 2.367999999999998195e+01
1.634000000000001052e+01 2.040500000000000824e+01 2.424999999999999289e+01
1.677500000000001279e+01 2.095500000000002316e+01 2.487499999999999645e+01
1.720500000000001606e+01 2.147500000000000142e+01 2.546499999999999631e+01
1.763500000000000867e+01 2.194999999999999574e+01 2.594500000000000384e+01
1.795500000000001961e+01 2.234999999999999432e+01 2.647500000000001918e+01
1.828500000000001080e+01 2.285500000000000398e+01 2.709500000000001307e+01
1.861500000000002331e+01 2.336999999999999389e+01 2.764000000000000412e+01
1.899500000000000810e+01 2.373499999999999588e+01 2.824999999999999289e+01
1.935000000000000142e+01 2.422500000000000142e+01 2.884499999999998820e+01
1.968499999999999872e+01 2.465999999999999659e+01 2.934000000000000696e+01
2.005500000000000682e+01 2.509000000000000341e+01 2.989500000000001378e+01
2.038500000000001222e+01 2.564500000000000668e+01 3.047500000000000142e+01
2.069500000000000739e+01 2.609499999999999886e+01 3.109000000000000341e+01
2.108499999999999730e+01 2.657499999999999929e+01 3.174000000000001265e+01
2.136499999999999133e+01 2.703000000000000824e+01 3.233000000000001961e+01
2.172499999999999432e+01 2.750000000000001421e+01 3.282500000000002416e+01
2.213499999999999091e+01 2.795000000000001705e+01 3.349000000000001620e+01
2.253499999999998948e+01 2.839000000000002544e+01 3.410500000000002530e+01
2.281999999999998252e+01 2.883000000000002672e+01 3.475000000000000000e+01
2.321499999999998209e+01 2.930500000000001037e+01 3.532999999999999829e+01
2.361999999999998678e+01 2.983499999999999375e+01 3.599000000000003041e+01
2.400499999999998479e+01 3.031499999999998707e+01 3.657500000000003126e+01
2.439499999999999247e+01 3.074499999999999744e+01 3.711500000000000199e+01
2.475500000000000256e+01 3.124000000000000554e+01 3.769999999999999574e+01
2.520999999999999730e+01 3.164000000000000767e+01 3.829000000000001336e+01
2.558499999999999019e+01 3.205000000000000426e+01 3.882000000000000739e+01
2.593500000000000938e+01 3.250499999999998835e+01 3.937499999999997868e+01
2.629999999999999361e+01 3.304500000000000171e+01 3.996999999999999176e+01
2.667500000000001847e+01 3.356499999999999773e+01 4.046500000000001052e+01
2.704500000000001592e+01 3.404500000000003013e+01 4.101000000000004775e+01
2.737000000000001165e+01 3.453000000000002245e+01 4.165500000000000824e+01
2.764500000000000313e+01 3.499500000000001165e+01 4.217499999999998295e+01
2.808000000000000185e+01 3.548500000000002785e+01 4.271500000000003894e+01
2.848499999999999943e+01 3.600000000000000711e+01 4.331000000000000938e+01
2.894500000000000028e+01 3.644500000000000028e+01 4.384000000000001762e+01
2.930999999999999517e+01 3.687000000000000455e+01 4.447500000000000853e+01
2.968500000000001648e+01 3.728500000000000369e+01 4.497500000000002274e+01
3.005500000000002103e+01 3.774999999999999289e+01 4.547000000000002728e+01
3.042500000000001137e+01 3.822500000000000853e+01 4.610499999999998266e+01
3.075000000000001776e+01 3.871500000000001052e+01 4.665999999999998948e+01
3.111000000000001720e+01 3.910500000000001108e+01 4.718999999999992667e+01
3.152000000000001023e+01 3.952000000000002444e+01 4.767499999999998295e+01
3.187500000000001066e+01 3.999500000000004007e+01 4.829499999999999460e+01
3.222500000000001563e+01 4.049000000000002331e+01 4.884499999999999176e+01
3.260499999999999687e+01 4.102000000000001734e+01 4.945499999999999119e+01
3.292000000000002302e+01 4.148500000000002785e+01 4.997000000000002018e+01
3.328000000000000824e+01 4.193499999999998806e+01 5.051500000000001478e+01
3.364999999999999858e+01 4.242999999999998550e+01 5.104000000000000625e+01
3.401000000000002643e+01 4.285500000000001819e+01 5.159500000000001307e+01
3.441500000000004178e+01 4.335500000000003240e+01 5.218500000000002359e+01
3.484499999999999886e+01 4.383500000000001506e+01 5.275000000000002842e+01
3.514999999999999147e+01 4.424500000000000455e+01 5.334000000000001052e+01
3.556499999999996930e+01 4.467499999999999005e+01 5.392000000000000881e+01
3.594999999999997442e+01 4.516999999999997328e+01 5.462000000000002586e+01
3.631999999999997186e+01 4.569499999999997897e+01 5.517999999999997840e+01
3.674499999999998323e+01 4.621499999999998920e+01 5.571999999999995623e+01
3.714999999999999147e+01 4.662499999999999289e+01 5.629999999999999005e+01
3.747999999999999687e+01 4.704999999999998295e+01 5.678999999999997073e+01
3.781999999999999318e+01 4.757999999999998408e+01 5.732499999999995310e+01
3.818500000000000227e+01 4.808000000000001251e+01 5.789999999999995595e+01
3.855500000000001393e+01 4.844999999999998153e+01 5.849499999999994770e+01
3.897000000000000597e+01 4.894499999999998607e+01 5.903999999999991388e+01
3.939500000000001023e+01 4.948000000000000398e+01 5.949999999999997158e+01
3.978000000000000114e+01 4.993999999999999062e+01 5.998999999999998067e+01
4.010499999999997556e+01 5.049500000000001165e+01 6.054499999999998749e+01
4.048999999999998067e+01 5.090000000000004121e+01 6.107499999999997442e+01
4.092500000000003979e+01 5.133000000000001961e+01 6.172500000000000142e+01
4.134000000000001052e+01 5.179000000000001336e+01 6.238000000000000256e+01
4.178499999999999659e+01 5.221500000000001762e+01 6.294000000000000483e+01
4.212499999999999289e+01 5.260000000000001563e+01 6.356000000000001648e+01
4.252500000000001990e+01 5.311500000000002331e+01 6.408499999999995111e+01
4.289000000000000767e+01 5.360500000000001819e+01 6.459500000000002728e+01
4.328500000000001080e+01 5.409999999999998010e+01 6.508000000000005514e+01
4.360999999999999943e+01 5.455499999999996419e+01 6.569500000000006423e+01
4.392000000000001592e+01 5.504499999999999460e+01 6.628500000000005343e+01
4.429999999999997584e+01 5.553999999999996362e+01 6.682500000000004547e+01
4.464499999999998892e+01 5.608999999999996788e+01 6.737000000000003297e+01
4.507000000000001450e+01 5.649499999999992639e+01 6.794499999999999318e+01
4.549000000000002331e+01 5.696999999999997755e+01 6.839999999999996305e+01
4.589999999999999858e+01 5.737999999999996703e+01 6.900500000000000966e+01
4.621999999999998465e+01 5.781000000000000227e+01 6.954500000000004434e+01
4.658999999999998920e+01 5.820499999999999119e+01 7.007000000000003581e+01
4.694499999999997897e+01 5.868999999999994799e+01 7.059499999999998465e+01
4.729499999999997328e+01 5.918999999999994799e+01 7.129499999999994486e+01
4.766499999999999204e+01 5.962999999999995282e+01 7.187499999999992895e+01
4.803499999999999659e+01 6.009499999999996334e+01 7.241000000000001080e+01
4.840999999999997527e+01 6.062999999999998835e+01 7.299000000000003752e+01
4.885499999999997556e+01 6.112499999999997158e+01 7.353000000000000114e+01
4.913499999999999091e+01 6.150999999999996248e+01 7.417999999999994998e+01
4.947999999999999687e+01 6.201499999999995794e+01 7.465500000000000114e+01
4.988500000000000512e+01 6.238999999999997215e+01 7.530500000000000682e+01
5.020000000000003126e+01 6.278999999999999204e+01 7.582499999999994600e+01
5.059500000000000597e+01 6.320000000000003126e+01 7.634000000000000341e+01
5.100499999999999545e+01 6.378000000000000824e+01 7.691000000000003922e+01
5.133999999999999631e+01 6.426500000000000057e+01 7.749500000000001876e+01
5.172500000000000853e+01 6.479000000000002046e+01 7.812000000000003297e+01
5.213000000000000256e+01 6.523000000000006082e+01 7.873500000000007049e+01
5.251500000000000767e+01 6.559500000000006992e+01 7.930000000000003979e+01
5.291500000000002046e+01 6.614000000000007162e+01 7.982000000000006423e+01
5.322500000000000853e+01 6.662999999999998124e+01 8.041000000000002501e+01
5.354999999999997584e+01 6.705999999999995964e+01 8.090500000000007219e+01
5.397000000000000597e+01 6.759500000000001307e+01 8.150500000000002387e+01
5.436000000000001364e+01 6.804500000000001592e+01 8.204500000000007276e+01
5.467499999999999005e+01 6.857500000000004547e+01 8.257000000000000739e+01
5.501999999999995339e+01 6.894500000000005002e+01 8.316000000000003922e+01
5.538999999999995083e+01 6.937999999999999545e+01 8.375000000000000000e+01
5.571999999999998465e+01 6.985999999999995680e+01 8.433000000000006935e+01
5.611499999999998067e+01 7.038499999999997669e+01 8.489000000000004320e+01
5.649499999999998323e+01 7.085499999999994714e+01 8.552000000000001023e+01
5.683500000000000085e+01 7.130999999999994543e+01 8.604000000000004889e+01
5.723999999999998778e+01 7.178999999999996362e+01 8.661500000000000909e+01
5.755499999999997129e+01 7.221999999999998465e+01 8.718500000000007333e+01
5.790499999999997982e+01 7.269499999999999318e+01 8.772500000000002274e+01
5.833499999999995822e+01 7.319499999999996476e+01 8.834499999999998465e+01
5.866499999999996362e+01 7.363500000000001933e+01 8.889999999999994884e+01
5.897999999999996845e+01 7.411500000000002331e+01 8.940499999999997272e+01
5.934999999999998010e+01 7.457500000000001705e+01 8.997499999999993747e+01
5.972499999999994458e+01 7.502999999999997272e+01 9.053499999999992554e+01
6.006999999999995765e+01 7.544999999999998863e+01 9.111999999999994770e+01
6.042999999999995708e+01 7.591500000000004889e+01 9.166499999999996362e+01
6.082999999999998408e+01 7.632500000000004547e+01 9.225500000000000966e+01
6.116499999999997783e+01 7.682500000000000284e+01 9.278499999999998238e+01
6.154499999999999460e+01 7.728000000000001535e+01 9.328999999999999204e+01
6.185999999999996390e+01 7.774000000000005173e+01 9.376999999999992497e+01
6.221499999999998209e+01 7.824500000000000455e+01 9.430499999999994998e+01
6.267999999999999261e+01 7.870500000000006935e+01 9.473999999999988120e+01
6.302500000000001279e+01 7.914000000000004320e+01 9.525999999999993406e+01
6.344500000000002160e+01 7.958500000000005059e+01 9.569999999999996021e+01
6.375000000000001421e+01 8.003000000000001535e+01 9.617999999999990735e+01
6.413000000000003809e+01 8.046000000000006480e+01 9.644499999999989370e+01
6.452500000000003411e+01 8.089500000000008129e+01 9.680499999999996419e+01
6.485500000000001819e+01 8.137500000000005684e+01 9.707500000000001705e+01
6.518000000000002103e+01 8.189000000000007162e+01 9.740999999999998238e+01
6.559500000000005571e+01 8.245500000000004093e+01 9.766999999999998749e+01
6.600500000000005230e+01 8.284500000000002728e+01 9.790500000000001535e+01
6.645000000000005969e+01 8.330500000000003524e+01 9.820499999999999829e+01
6.678500000000003922e+01 8.379000000000003467e+01 9.833499999999995111e+01
6.715500000000001535e+01 8.428999999999999204e+01 9.844500000000002160e+01
6.752000000000009550e+01 8.472999999999997556e+01 9.853000000000000114e+01
6.787500000000004263e+01 8.517000000000001592e+01 9.866999999999998749e+01
6.818500000000000227e+01 8.568500000000003070e+01 9.878500000000003922e+01
6.852999999999998693e+01 8.610000000000000853e+01 9.887000000000004718e+01
6.887499999999995737e+01 8.650499999999999545e+01 9.894500000000003581e+01
6.934499999999994202e+01 8.694999999999997442e+01 9.902000000000002444e+01
6.970999999999992269e+01 8.741999999999995907e+01 9.904000000000002046e+01
7.014999999999994884e+01 8.785999999999997101e+01 9.905500000000004945e+01
7.054999999999991189e+01 8.829499999999998749e+01 9.904500000000003013e+01
7.090999999999993975e+01 8.879499999999998749e+01 9.907500000000005969e+01
7.124499999999994770e+01 8.927999999999995850e+01 9.904500000000003013e+01
7.154499999999998749e+01 8.974499999999997613e+01 9.909000000000006025e+01
7.191000000000001080e+01 9.030499999999996419e+01 9.919500000000005002e+01
7.234499999999997044e+01 9.074499999999994770e+01 9.910000000000002274e+01
7.269499999999999318e+01 9.121999999999998465e+01 9.919500000000006423e+01
7.306999999999996476e+01 9.167999999999994998e+01 9.914500000000003865e+01
7.349000000000000909e+01 9.218999999999991246e+01 9.920500000000008356e+01
7.391499999999999204e+01 9.255499999999992156e+01 9.915500000000007219e+01
7.421999999999997044e+01 9.295999999999992269e+01 9.916000000000006764e+01
7.462999999999998124e+01 9.333499999999989427e+01 9.916000000000005343e+01
7.497999999999998977e+01 9.377499999999990621e+01 9.921500000000006025e+01
7.531999999999996476e+01 9.423999999999989541e+01 9.916000000000006764e+01
7.565000000000000568e+01 9.465499999999998693e+01 9.910000000000007958e+01
7.598500000000008470e+01 9.503499999999999659e+01 9.914500000000010971e+01
7.631500000000005457e+01 9.532999999999998408e+01 9.914000000000005741e+01
7.671500000000006025e+01 9.576499999999997215e+01 9.914000000000005741e+01
7.705000000000005400e+01 9.611999999999996191e+01 9.915500000000004377e+01
7.744500000000009265e+01 9.634999999999989484e+01 9.912000000000000455e+01
7.785500000000003240e+01 9.667499999999995453e+01 9.914000000000001478e+01
7.819000000000004036e+01 9.695499999999995566e+01 9.913500000000007617e+01
7.856000000000003070e+01 9.718999999999992667e+01 9.920500000000002672e+01
7.897000000000008413e+01 9.748499999999989996e+01 9.909000000000004604e+01
7.937000000000003297e+01 9.764500000000002444e+01 9.908500000000003638e+01
7.978499999999996817e+01 9.786499999999998067e+01 9.914500000000005286e+01
8.015000000000001990e+01 9.800499999999998124e+01 9.922000000000004150e+01
8.048500000000004206e+01 9.815000000000000568e+01 9.919000000000002615e+01
8.087500000000002842e+01 9.835000000000000853e+01 9.917500000000008242e+01
8.119499999999999318e+01 9.847000000000004150e+01 9.922000000000005571e+01
8.152500000000001990e+01 9.861499999999998067e+01 9.926000000000009038e+01
8.191500000000006310e+01 9.868999999999999773e+01 9.918000000000013472e+01
8.227500000000001990e+01 9.878499999999998238e+01 9.912000000000010402e+01
8.266500000000003467e+01 9.880999999999998806e+01 9.916000000000011028e+01
8.306499999999999773e+01 9.883500000000003638e+01 9.913500000000009038e+01
8.338500000000000512e+01 9.885500000000001819e+01 9.911500000000002331e+01
8.377000000000005286e+01 9.887000000000000455e+01 9.913000000000005230e+01
8.411000000000002785e+01 9.897000000000005571e+01 9.910000000000002274e+01
8.451500000000004320e+01 9.902500000000006253e+01 9.913500000000007617e+01
8.483000000000005514e+01 9.910000000000005116e+01 9.911000000000008470e+01
8.520000000000007390e+01 9.908500000000007901e+01 9.912500000000004263e+01
8.558500000000006480e+01 9.909500000000008413e+01 9.910500000000000398e+01
8.599000000000003752e+01 9.911000000000005627e+01 9.911000000000005627e+01
8.631000000000001648e+01 9.908000000000002672e+01 9.920000000000005969e+01
8.662500000000008527e+01 9.909000000000003183e+01 9.911500000000006594e+01
8.698500000000007049e+01 9.911000000000001364e+01 9.908000000000004093e+01
8.737000000000000455e+01 9.914500000000001023e+01 9.905000000000008242e+01
8.768500000000001648e+01 9.913000000000003809e+01 9.909000000000011710e+01
8.795999999999997954e+01 9.912000000000007560e+01 9.911000000000002785e+01
8.839500000000001023e+01 9.914000000000010004e+01 9.911000000000008470e+01
8.879500000000004434e+01 9.919000000000009720e+01 9.911000000000002785e+01
8.921500000000000341e+01 9.917000000000005855e+01 9.914000000000004320e+01
8.958499999999999375e+01 9.928000000000008640e+01 9.922000000000009834e+01
8.995999999999997954e+01 9.919500000000009265e+01 9.920000000000014495e+01
9.033499999999993690e+01 9.910500000000006082e+01 9.918000000000009209e+01
9.062999999999993861e+01 9.911500000000005173e+01 9.913500000000010459e+01
9.095499999999995566e+01 9.916000000000005343e+01 9.916500000000003467e+01
9.127999999999998693e+01 9.914500000000003865e+01 9.919000000000011141e+01
9.164499999999993918e+01 9.912500000000001421e+01 9.916500000000007731e+01
9.191999999999994486e+01 9.914000000000004320e+01 9.916000000000011028e+01
9.225999999999996248e+01 9.912000000000006139e+01 9.913500000000007617e+01
9.259999999999996589e+01 9.910000000000009379e+01 9.914500000000010971e+01
9.290999999999999659e+01 9.909000000000008868e+01 9.921000000000009322e+01
9.326500000000001478e+01 9.906000000000010175e+01 9.923000000000010346e+01
9.361999999999997613e+01 9.908500000000007901e+01 9.925000000000007105e+01
9.388500000000000512e+01 9.921500000000003183e+01 9.922500000000006537e+01
9.426500000000000057e+01 9.926000000000001933e+01 9.922500000000006537e+01
9.454999999999998295e+01 9.919500000000005002e+01 9.918000000000006366e+01
9.490000000000000568e+01 9.920500000000005514e+01 9.919500000000002160e+01
9.516499999999992099e+01 9.920500000000004093e+01 9.915500000000001535e+01
9.544499999999995055e+01 9.915500000000005798e+01 9.911000000000007049e+01
9.573499999999994259e+01 9.913000000000008072e+01 9.911000000000009891e+01
9.599499999999993349e+01 9.921000000000006480e+01 9.912500000000009948e+01
9.622499999999998010e+01 9.923500000000011312e+01 9.917000000000007276e+01
9.639499999999998181e+01 9.915500000000008640e+01 9.918000000000006366e+01
9.662000000000000455e+01 9.918500000000003070e+01 9.920000000000004547e+01
9.683999999999993236e+01 9.918000000000004945e+01 9.910500000000001819e+01
9.696499999999997499e+01 9.913000000000002387e+01 9.903500000000002501e+01
9.717000000000000171e+01 9.919500000000005002e+01 9.902500000000001990e+01
9.728999999999990678e+01 9.923000000000007503e+01 9.906500000000001194e+01
9.749499999999997613e+01 9.919500000000007844e+01 9.910500000000003240e+01
9.765499999999994429e+01 9.926000000000006196e+01 9.917500000000002558e+01
9.777999999999994429e+01 9.920500000000006935e+01 9.916000000000006764e+01
9.794000000000001194e+01 9.924000000000015120e+01 9.922500000000007958e+01
9.809000000000001762e+01 9.918000000000004945e+01 9.920500000000009777e+01
9.818000000000000682e+01 9.915500000000010061e+01 9.918500000000013017e+01
9.826500000000002899e+01 9.916000000000003922e+01 9.919000000000006878e+01
9.834000000000001762e+01 9.915000000000000568e+01 9.915000000000004832e+01
9.843500000000001648e+01 9.919500000000002160e+01 9.916500000000007731e+01
9.850999999999997669e+01 9.913500000000007617e+01 9.913000000000013756e+01
9.857500000000001705e+01 9.911000000000007049e+01 9.918000000000006366e+01
9.864000000000005741e+01 9.911000000000004206e+01 9.922000000000008413e+01
9.870000000000005969e+01 9.911000000000005627e+01 9.918000000000004945e+01
9.875999999999997669e+01 9.915000000000007674e+01 9.913000000000006651e+01
9.880499999999999261e+01 9.909000000000010289e+01 9.909500000000001307e+01
9.891500000000002046e+01 9.913500000000007617e+01 9.912000000000008981e+01
9.894000000000001194e+01 9.916000000000003922e+01 9.913500000000007617e+01
9.894499999999999318e+01 9.920500000000009777e+01 9.920500000000012619e+01
9.901500000000000057e+01 9.913500000000004775e+01 9.918500000000011596e+01
9.903500000000005343e+01 9.909000000000006025e+01 9.909000000000006025e+01
9.902500000000001990e+01 9.918500000000001648e+01 9.916500000000007731e+01
9.910500000000003240e+01 9.917500000000003979e+01 9.916500000000007731e+01
9.908000000000001251e+01 9.919500000000010687e+01 9.920000000000005969e+01
9.910500000000000398e+01 9.922500000000005116e+01 9.917000000000005855e+01
9.908500000000002217e+01 9.921000000000007901e+01 9.917500000000005400e+01
9.907000000000000739e+01 9.919500000000002160e+01 9.923500000000005627e+01
9.909500000000004150e+01 9.905500000000000682e+01 9.927000000000005286e+01
9.913000000000005230e+01 9.914500000000002444e+01 9.920000000000014495e+01
9.917500000000003979e+01 9.911500000000006594e+01 9.911000000000011312e+01
9.911000000000005627e+01 9.908500000000007901e+01 9.918000000000010630e+01
9.913000000000000966e+01 9.915000000000006253e+01 9.919500000000009265e+01
9.916500000000002046e+01 9.910500000000003240e+01 9.921000000000010743e+01
9.916500000000006310e+01 9.910000000000006537e+01 9.915000000000013358e+01
9.915500000000005798e+01 9.909000000000007446e+01 9.915000000000009095e+01
9.913500000000010459e+01 9.909500000000008413e+01 9.912000000000008981e+01
9.915000000000003411e+01 9.906500000000008299e+01 9.919000000000009720e+01
9.915500000000004377e+01 9.910000000000006537e+01 9.916500000000009152e+01
9.915500000000007219e+01 9.913000000000010914e+01 9.919500000000007844e+01
9.917500000000005400e+01 9.914500000000009550e+01 9.921500000000008868e+01
9.912000000000001876e+01 9.913500000000006196e+01 9.920500000000009777e+01
9.913500000000007617e+01 9.913500000000007617e+01 9.923500000000009891e+01
9.911000000000012733e+01 9.909000000000007446e+01 9.917000000000012960e+01
9.915000000000010516e+01 9.909500000000005571e+01 9.916000000000006764e+01
9.917000000000011539e+01 9.904000000000003467e+01 9.922000000000006992e+01
9.915000000000007674e+01 9.903500000000005343e+01 9.913500000000006196e+01
9.914500000000012392e+01 9.907500000000013074e+01 9.908000000000009777e+01
9.911500000000009436e+01 9.908500000000006480e+01 9.916500000000011994e+01
9.916000000000005343e+01 9.913000000000006651e+01 9.913000000000008072e+01
9.911000000000005627e+01 9.910500000000004661e+01 9.913000000000015177e+01
9.914500000000006708e+01 9.916500000000006310e+01 9.911500000000013699e+01
9.918500000000008754e+01 9.912000000000004718e+01 9.906000000000013017e+01
9.916500000000010573e+01 9.910500000000011767e+01 9.904500000000011539e+01
9.916500000000007731e+01 9.914500000000008129e+01 9.906500000000006878e+01
9.918000000000006366e+01 9.912000000000006139e+01 9.908500000000010743e+01
9.915000000000009095e+01 9.910500000000008924e+01 9.910500000000010346e+01
9.916500000000009152e+01 9.917500000000006821e+01 9.912000000000007560e+01
9.914000000000010004e+01 9.916500000000010573e+01 9.918000000000009209e+01
9.919000000000008299e+01 9.918500000000010175e+01 9.919500000000012108e+01
9.917000000000007276e+01 9.918500000000005912e+01 9.924000000000003752e+01
9.919000000000009720e+01 9.914000000000007162e+01 9.915500000000002956e+01
9.923500000000007049e+01 9.916500000000007731e+01 9.909500000000002728e+01
9.920000000000005969e+01 9.916500000000004889e+01 9.911500000000003752e+01
9.925500000000006651e+01 9.915000000000004832e+01 9.909000000000006025e+01
9.918500000000005912e+01 9.913000000000009493e+01 9.909500000000006992e+01
9.918000000000002103e+01 9.913000000000002387e+01 9.910500000000006082e+01
9.914500000000006708e+01 9.914000000000004320e+01 9.917500000000003979e+01
9.917000000000008697e+01 9.912000000000003297e+01 9.916500000000003467e+01
9.913499999999999091e+01 9.905000000000005400e+01 9.915500000000007219e+01
9.917500000000005400e+01 9.905000000000003979e+01 9.913500000000003354e+01
9.911500000000003752e+01 9.912000000000004718e+01 9.912500000000007105e+01
9.911000000000001364e+01 9.915500000000004377e+01 9.910000000000005116e+01
9.918500000000003070e+01 9.916500000000006310e+01 9.915500000000008640e+01
9.919000000000005457e+01 9.914000000000005741e+01 9.916000000000009607e+01
9.919500000000003581e+01 9.912500000000007105e+01 9.915000000000011937e+01
9.920500000000005514e+01 9.910500000000003240e+01 9.916000000000012449e+01
9.924000000000012278e+01 9.913000000000006651e+01 9.918500000000005912e+01
9.922000000000008413e+01 9.911500000000006594e+01 9.915500000000011482e+01
9.925000000000005684e+01 9.910500000000013188e+01 9.917000000000008697e+01
9.926500000000010004e+01 9.915500000000012903e+01 9.911500000000009436e+01
9.925500000000009493e+01 9.920500000000005514e+01 9.913000000000008072e+01
9.923500000000005627e+01 9.917500000000003979e+01 9.914000000000007162e+01
9.918000000000004945e+01 9.920500000000011198e+01 9.918500000000004491e+01
9.916000000000006764e+01 9.916000000000008185e+01 9.917500000000005400e+01
9.919000000000006878e+01 9.918000000000009209e+01 9.922000000000008413e+01
9.916000000000003922e+01 9.921500000000004604e+01 9.922000000000002728e+01
9.910000000000002274e+01 9.921500000000008868e+01 9.919000000000004036e+01
9.915000000000004832e+01 9.918000000000006366e+01 9.918500000000003070e+01
9.917000000000003013e+01 9.920500000000009777e+01 9.917500000000006821e+01
9.919000000000002615e+01 9.920500000000009777e+01 9.919000000000002615e+01
9.921000000000003638e+01 9.923000000000007503e+01 9.917000000000000171e+01
9.924500000000003297e+01 9.919500000000007844e+01 9.912500000000007105e+01
9.920000000000010232e+01 9.917500000000008242e+01 9.908500000000007901e+01
9.920000000000011653e+01 9.916000000000006764e+01 9.912500000000011369e+01
9.914500000000010971e+01 9.915000000000000568e+01 9.912500000000012790e+01
9.908500000000010743e+01 9.908000000000004093e+01 9.912000000000006139e+01
9.907500000000011653e+01 9.909500000000006992e+01 9.906000000000011596e+01
9.907500000000014495e+01 9.916000000000011028e+01 9.906000000000010175e+01
9.909000000000008868e+01 9.920000000000011653e+01 9.906000000000013017e+01
9.908500000000010743e+01 9.921000000000006480e+01 9.908500000000010743e+01
9.912000000000008981e+01 9.917000000000001592e+01 9.909500000000008413e+01
9.912000000000003297e+01 9.911499999999998067e+01 9.906500000000002615e+01
9.908000000000002672e+01 9.910000000000003695e+01 9.907000000000006423e+01
9.912500000000001421e+01 9.910999999999999943e+01 9.911500000000010857e+01
9.912500000000004263e+01 9.910500000000004661e+01 9.914000000000005741e+01
9.907500000000007390e+01 9.917000000000008697e+01 9.919500000000005002e+01
9.909000000000007446e+01 9.917000000000008697e+01 9.920500000000008356e+01
9.914500000000006708e+01 9.916500000000010573e+01 9.912000000000016087e+01
9.906000000000004491e+01 9.918000000000007788e+01 9.914000000000004320e+01
9.909000000000004604e+01 9.924000000000005173e+01 9.921000000000005059e+01
9.909500000000008413e+01 9.913000000000006651e+01 9.918500000000008754e+01
9.908000000000004093e+01 9.915000000000007674e+01 9.914000000000002899e+01
9.909000000000006025e+01 9.917500000000003979e+01 9.915500000000010061e+01
9.912500000000001421e+01 9.914000000000007162e+01 9.914500000000006708e+01
9.911500000000000909e+01 9.917500000000011084e+01 9.915500000000002956e+01
9.909000000000004604e+01 9.919500000000005002e+01 9.923000000000006082e+01
9.909000000000006025e+01 9.914500000000005286e+01 9.918500000000001648e+01
9.908000000000006935e+01 9.912500000000005684e+01 9.912500000000004263e+01
9.908000000000004093e+01 9.912000000000006139e+01 9.912000000000004718e+01
9.912500000000012790e+01 9.905500000000006366e+01 9.912500000000009948e+01
9.913000000000006651e+01 9.907500000000008811e+01 9.913500000000003354e+01
9.914000000000010004e+01 9.913000000000008072e+01 9.921000000000012164e+01
9.917500000000008242e+01 9.911500000000003752e+01 9.917000000000010118e+01
9.910000000000000853e+01 9.910500000000006082e+01 9.914000000000010004e+01
9.914000000000004320e+01 9.907000000000005002e+01 9.910500000000013188e+01
9.916000000000003922e+01 9.912500000000005684e+01 9.912500000000007105e+01
9.911000000000004206e+01 9.914500000000006708e+01 9.912500000000005684e+01
9.905500000000000682e+01 9.909000000000001762e+01 9.906500000000002615e+01
9.910000000000003695e+01 9.914499999999999602e+01 9.915500000000004377e+01
9.911000000000005627e+01 9.915500000000008640e+01 9.918000000000002103e+01
9.914000000000005741e+01 9.915500000000007219e+01 9.915500000000008640e+01
9.911000000000008470e+01 9.914500000000009550e+01 9.917000000000008697e+01
9.912500000000005684e+01 9.917500000000006821e+01 9.909500000000011255e+01
9.915000000000007674e+01 9.920500000000008356e+01 9.909500000000008413e+01
9.909000000000003183e+01 9.920500000000006935e+01 9.909500000000008413e+01
9.909500000000005571e+01 9.923000000000013188e+01 9.913000000000006651e+01
9.904000000000000625e+01 9.917500000000013927e+01 9.910500000000007503e+01
9.912500000000000000e+01 9.916500000000011994e+01 9.916000000000009607e+01
9.911499999999998067e+01 9.918500000000010175e+01 9.904000000000004889e+01
9.910499999999996135e+01 9.918000000000006366e+01 9.902000000000005286e+01
9.914499999999996760e+01 9.916000000000003922e+01 9.908000000000005514e+01
9.912500000000001421e+01 9.911500000000008015e+01 9.916000000000011028e+01
9.916500000000007731e+01 9.912500000000008527e+01 9.914000000000007162e+01
9.922500000000007958e+01 9.917000000000012960e+01 9.915500000000007219e+01
9.921000000000007901e+01 9.917500000000009663e+01 9.910500000000004661e+01
9.917000000000005855e+01 9.914000000000008583e+01 9.909000000000001762e+01
9.911500000000006594e+01 9.912999999999999545e+01 9.914000000000001478e+01
9.911000000000007049e+01 9.909999999999999432e+01 9.907000000000005002e+01
9.908500000000007901e+01 9.910500000000006082e+01 9.912500000000007105e+01
9.907500000000004547e+01 9.914000000000008583e+01 9.916500000000007731e+01
9.918000000000007788e+01 9.914000000000011426e+01 9.916500000000003467e+01
9.913500000000006196e+01 9.918000000000009209e+01 9.921000000000006480e+01
9.916500000000011994e+01 9.917500000000009663e+01 9.924500000000000455e+01
9.919500000000007844e+01 9.915000000000009095e+01 9.915500000000004377e+01
9.917000000000007276e+01 9.914500000000003865e+01 9.914500000000003865e+01
9.919500000000006423e+01 9.913500000000007617e+01 9.914500000000009550e+01
9.917000000000005855e+01 9.916500000000000625e+01 9.924000000000006594e+01
9.916500000000013415e+01 9.912999999999999545e+01 9.917000000000005855e+01
9.914000000000005741e+01 9.920500000000004093e+01 9.917500000000008242e+01
9.914500000000002444e+01 9.914500000000006708e+01 9.918000000000012051e+01
9.914500000000008129e+01 9.914500000000008129e+01 9.914500000000005286e+01
9.918500000000007333e+01 9.909500000000006992e+01 9.918999999999999773e+01
9.914000000000007162e+01 9.911000000000008470e+01 9.920000000000001705e+01
9.916500000000016257e+01 9.909500000000008413e+01 9.917000000000005855e+01
9.915000000000010516e+01 9.914000000000011426e+01 9.917500000000008242e+01
9.914000000000004320e+01 9.914500000000006708e+01 9.923000000000004661e+01
9.919500000000006423e+01 9.912500000000007105e+01 9.925000000000008527e+01
9.916500000000002046e+01 9.920000000000013074e+01 9.920500000000008356e+01
9.916999999999998749e+01 9.918500000000010175e+01 9.918500000000007333e+01
9.917000000000003013e+01 9.916500000000006310e+01 9.920500000000004093e+01
9.923500000000004206e+01 9.920000000000005969e+01 9.917000000000005855e+01
9.914500000000003865e+01 9.915000000000006253e+01 9.914500000000005286e+01
9.917500000000008242e+01 9.911500000000009436e+01 9.907000000000009265e+01
9.910500000000003240e+01 9.915000000000004832e+01 9.904500000000008697e+01
9.912500000000007105e+01 9.909500000000006992e+01 9.901500000000007162e+01
9.916500000000010573e+01 9.910000000000007958e+01 9.905000000000008242e+01
9.913000000000009493e+01 9.916500000000004889e+01 9.904500000000007276e+01
9.911000000000009891e+01 9.920500000000004093e+01 9.910000000000007958e+01
9.913500000000007617e+01 9.913500000000006196e+01 9.912500000000005684e+01
9.911500000000012278e+01 9.913000000000003809e+01 9.918500000000008754e+01
9.911000000000009891e+01 9.912000000000011823e+01 9.916500000000009152e+01
9.911500000000009436e+01 9.916000000000005343e+01 9.921000000000010743e+01
9.910500000000004661e+01 9.918000000000009209e+01 9.920000000000007390e+01
9.909000000000003183e+01 9.916000000000006764e+01 9.923000000000007503e+01
9.910500000000006082e+01 9.922000000000008413e+01 9.920000000000004547e+01
9.919500000000009265e+01 9.918000000000007788e+01 9.919000000000011141e+01
9.918000000000007788e+01 9.912500000000007105e+01 9.921000000000003638e+01
9.916000000000009607e+01 9.914500000000006708e+01 9.916000000000003922e+01
9.912000000000008981e+01 9.910500000000013188e+01 9.913500000000000512e+01
9.910500000000008924e+01 9.909500000000014097e+01 9.916500000000004889e+01
9.908000000000009777e+01 9.910000000000012221e+01 9.916500000000006310e+01
9.909500000000014097e+01 9.908000000000009777e+01 9.910000000000003695e+01
9.911000000000014154e+01 9.909000000000003183e+01 9.911000000000005627e+01
9.915000000000014779e+01 9.913500000000007617e+01 9.915000000000001990e+01
9.917000000000010118e+01 9.917500000000016769e+01 9.916000000000005343e+01
9.920000000000005969e+01 9.913000000000009493e+01 9.918000000000002103e+01
9.918500000000008754e+01 9.910000000000007958e+01 9.916000000000002501e+01
9.924000000000008015e+01 9.915000000000003411e+01 9.914000000000008583e+01
9.922000000000005571e+01 9.915000000000001990e+01 9.916000000000008185e+01
9.924500000000003297e+01 9.918000000000003524e+01 9.916500000000003467e+01
9.918500000000008754e+01 9.917500000000008242e+01 9.915500000000005798e+01
9.917000000000007276e+01 9.912500000000007105e+01 9.917000000000005855e+01
9.911500000000012278e+01 9.913000000000006651e+01 9.915500000000005798e+01
9.913000000000008072e+01 9.911000000000005627e+01 9.918500000000008754e+01
9.913000000000006651e+01 9.911000000000009891e+01 9.922500000000009379e+01
9.910000000000003695e+01 9.912000000000003297e+01 9.921000000000012164e+01
9.916500000000002046e+01 9.910000000000003695e+01 9.922000000000008413e+01
9.917000000000007276e+01 9.907000000000010687e+01 9.917000000000008697e+01
9.914500000000008129e+01 9.910000000000009379e+01 9.927500000000004832e+01
9.912500000000007105e+01 9.909500000000006992e+01 9.915000000000004832e+01
9.916000000000005343e+01 9.917500000000003979e+01 9.915000000000007674e+01
9.912000000000003297e+01 9.911500000000003752e+01 9.911500000000008015e+01
9.909000000000006025e+01 9.912500000000001421e+01 9.911500000000005173e+01
9.909500000000006992e+01 9.915000000000006253e+01 9.911000000000007049e+01
9.915500000000004377e+01 9.919500000000009265e+01 9.911000000000009891e+01
9.915000000000004832e+01 9.914500000000009550e+01 9.919500000000010687e+01
9.912000000000000455e+01 9.916500000000002046e+01 9.916500000000009152e+01
9.912000000000003297e+01 9.917000000000001592e+01 9.923000000000013188e+01
9.915500000000005798e+01 9.913500000000006196e+01 9.928000000000007219e+01
9.914500000000006708e+01 9.910000000000005116e+01 9.916500000000007731e+01
9.909000000000007446e+01 9.912500000000005684e+01 9.913500000000006196e+01
9.905500000000003524e+01 9.913500000000006196e+01 9.919000000000008299e+01
9.904500000000003013e+01 9.908000000000005514e+01 9.924500000000004718e+01
9.907000000000005002e+01 9.910500000000007503e+01 9.918500000000000227e+01
9.907500000000008811e+01 9.922500000000003695e+01 9.915500000000002956e+01
9.910500000000011767e+01 9.918000000000004945e+01 9.915500000000004377e+01
9.914500000000010971e+01 9.917500000000006821e+01 9.917500000000011084e+01
9.912000000000011823e+01 9.906000000000004491e+01 9.917000000000008697e+01
9.917000000000011539e+01 9.915000000000003411e+01 9.915000000000009095e+01
9.916500000000006310e+01 9.916000000000003922e+01 9.912500000000009948e+01
9.918000000000010630e+01 9.917000000000004434e+01 9.917000000000011539e+01
9.915000000000007674e+01 9.919000000000006878e+01 9.912500000000015632e+01
9.915000000000011937e+01 9.919000000000005457e+01 9.915000000000009095e+01
9.913500000000009038e+01 9.920000000000005969e+01 9.911000000000002785e+01
