7.850000000000005862e-01
1.464999999999997193e+00
2.049999999999995381e+00
2.484999999999994547e+00
2.814999999999996838e+00
3.199999999999998401e+00
3.564999999999999059e+00
3.949999999999996625e+00
4.214999999999994529e+00
4.509999999999993570e+00
4.884999999999994458e+00
5.244999999999997442e+00
5.595000000000001528e+00
5.925000000000004263e+00
6.280000000000008242e+00
6.535000000000008136e+00
6.940000000000007496e+00
7.285000000000008136e+00
7.635000000000006004e+00
8.020000000000003126e+00
8.324999999999999289e+00
8.684999999999991616e+00
9.094999999999989981e+00
9.489999999999993108e+00
9.789999999999988489e+00
1.013999999999999879e+01
1.049999999999999645e+01
1.078999999999999737e+01
1.114999999999999858e+01
1.161999999999999744e+01
1.197500000000000142e+01
1.233000000000000362e+01
1.269500000000000028e+01
1.301500000000000234e+01
1.334500000000000597e+01
1.370000000000000817e+01
1.397500000000000142e+01
1.432000000000000384e+01
1.468000000000000327e+01
1.505000000000000249e+01
1.543499999999999517e+01
1.574999999999999112e+01
1.612500000000000355e+01
1.646500000000001052e+01
1.690500000000001535e+01
1.727500000000000924e+01
1.765000000000000924e+01
1.801000000000000156e+01
1.839500000000000313e+01
1.868999999999999773e+01
1.894499999999999673e+01
1.933000000000000540e+01
1.965499999999999758e+01
1.999000000000000554e+01
2.029000000000002402e+01
2.068500000000002714e+01
2.105000000000000426e+01
2.130000000000001492e+01
2.162500000000001066e+01
2.194000000000000128e+01
2.226499999999998280e+01
2.265499999999998693e+01
2.303999999999997783e+01
2.340499999999998337e+01
2.370499999999998053e+01
2.403499999999998593e+01
2.444499999999998607e+01
2.485500000000000043e+01
2.519000000000000838e+01
2.555500000000002458e+01
2.585000000000002274e+01
2.611000000000001720e+01
2.645500000000003382e+01
2.685500000000001464e+01
2.722500000000002984e+01
2.761000000000001720e+01
2.797500000000000497e+01
2.828500000000000014e+01
2.859000000000000696e+01
2.894999999999999929e+01
2.931499999999999062e+01
2.961999999999999389e+01
2.999999999999999289e+01
3.039000000000000412e+01
3.071999999999998465e+01
3.096999999999999531e+01
3.130500000000000682e+01
3.175000000000002132e+01
3.206000000000001648e+01
3.242000000000000171e+01
3.276000000000000512e+01
3.310500000000001108e+01
3.342500000000001847e+01
3.377000000000002444e+01
3.411000000000002075e+01
3.448000000000002530e+01
3.489500000000002444e+01
3.519500000000000739e+01
3.553000000000000114e+01
3.587999999999998835e+01
3.625500000000000966e+01
3.658000000000000540e+01
3.695000000000001705e+01
3.735000000000002274e+01
3.774000000000000199e+01
3.803500000000000369e+01
3.835500000000001108e+01
3.878999999999998494e+01
3.908999999999998920e+01
3.949000000000003752e+01
3.985500000000001108e+01
4.014000000000002188e+01
4.043499999999999517e+01
4.081000000000000227e+01
4.112000000000001876e+01
4.148500000000000654e+01
4.178499999999998238e+01
4.205000000000000426e+01
4.244500000000000739e+01
4.282000000000000028e+01
4.311999999999997613e+01
4.351499999999997925e+01
4.390500000000000114e+01
4.422500000000002274e+01
4.464999999999998437e+01
4.502499999999998437e+01
4.540500000000000114e+01
4.582499999999998863e+01
4.613499999999999801e+01
4.641499999999999204e+01
4.677499999999994884e+01
4.704499999999994486e+01
4.736999999999992639e+01
4.773499999999994969e+01
4.804999999999997584e+01
4.841999999999996618e+01
4.873999999999998067e+01
4.911999999999998323e+01
4.943000000000000682e+01
4.975000000000000711e+01
5.009499999999997755e+01
5.039999999999999147e+01
5.077999999999997272e+01
5.114500000000001023e+01
5.153000000000002956e+01
5.183500000000002217e+01
5.217500000000002558e+01
5.255000000000002558e+01
5.296000000000003638e+01
5.329500000000005144e+01
5.360000000000002274e+01
5.399000000000000909e+01
5.434499999999997044e+01
5.467999999999996419e+01
5.501499999999999346e+01
5.537500000000000000e+01
5.573999999999998067e+01
5.614999999999997726e+01
5.655999999999999517e+01
5.690999999999995396e+01
5.723499999999995680e+01
5.760999999999994259e+01
5.795499999999996277e+01
5.831999999999999318e+01
5.864999999999997016e+01
5.907000000000000028e+01
5.941499999999996362e+01
5.975499999999993861e+01
6.012999999999994571e+01
6.053999999999997073e+01
6.080500000000001393e+01
6.117499999999999716e+01
6.146499999999998920e+01
6.182999999999997698e+01
6.221999999999999176e+01
6.248999999999998778e+01
6.272500000000000142e+01
6.302000000000003155e+01
6.332500000000003126e+01
6.369500000000004292e+01
6.403500000000001080e+01
6.446000000000002217e+01
6.475000000000001421e+01
6.508500000000002217e+01
6.541000000000003922e+01
6.576000000000003354e+01
6.605000000000005400e+01
6.635500000000004661e+01
6.671500000000006025e+01
6.706500000000005457e+01
6.736000000000002785e+01
6.771500000000001762e+01
6.811000000000001364e+01
6.843999999999999773e+01
6.880499999999994998e+01
6.913999999999998636e+01
6.948999999999996646e+01
6.977500000000000568e+01
7.022999999999998977e+01
7.059499999999995623e+01
7.089999999999997726e+01
7.116499999999994941e+01
7.153999999999999204e+01
7.184999999999999432e+01
7.225500000000003809e+01
7.260500000000000398e+01
7.293999999999999773e+01
7.329499999999998749e+01
7.371499999999997499e+01
7.397999999999998977e+01
7.436999999999996191e+01
7.465999999999996817e+01
7.501499999999998636e+01
7.534499999999999886e+01
7.573999999999999488e+01
7.609500000000002728e+01
7.649500000000003297e+01
7.688000000000002387e+01
7.720500000000002672e+01
7.761500000000000909e+01
7.797000000000001307e+01
7.832000000000003581e+01
7.860000000000003695e+01
7.897500000000003695e+01
7.927000000000005286e+01
7.952500000000006253e+01
7.990000000000006253e+01
8.016500000000007731e+01
8.048500000000009891e+01
8.082500000000007390e+01
8.117000000000001592e+01
8.156500000000001194e+01
8.189500000000002444e+01
8.223500000000001364e+01
8.259000000000003183e+01
8.287500000000002842e+01
8.328500000000006764e+01
8.367000000000005855e+01
8.399500000000007560e+01
8.427500000000006253e+01
8.464500000000005286e+01
8.500499999999999545e+01
8.528999999999999204e+01
8.563500000000004775e+01
8.595500000000001251e+01
8.636000000000005627e+01
8.671500000000006025e+01
8.703000000000002956e+01
8.739000000000002899e+01
8.773000000000001819e+01
8.802499999999996305e+01
8.846999999999995623e+01
8.880499999999996419e+01
8.913499999999991985e+01
8.942999999999990735e+01
8.968499999999991701e+01
9.000999999999997669e+01
9.037500000000000000e+01
9.081499999999996930e+01
9.123999999999993804e+01
9.157499999999993179e+01
9.194499999999995055e+01
9.232999999999991303e+01
9.267499999999986926e+01
9.304499999999988802e+01
9.334499999999997044e+01
9.368499999999995964e+01
9.400999999999997669e+01
9.427499999999987779e+01
9.462499999999990052e+01
9.499999999999997158e+01
9.526499999999992951e+01
9.557999999999995566e+01
9.590999999999995396e+01
9.612499999999994316e+01
9.635499999999987608e+01
9.651499999999998636e+01
9.680499999999996419e+01
9.698999999999990962e+01
9.722999999999991871e+01
9.735999999999994259e+01
9.746499999999991815e+01
9.760499999999991871e+01
9.783499999999993690e+01
9.800999999999996248e+01
9.814999999999999147e+01
9.829999999999998295e+01
9.838000000000002387e+01
9.847999999999998977e+01
9.859999999999998010e+01
9.865500000000000114e+01
9.873000000000001819e+01
9.886000000000002785e+01
9.888000000000005230e+01
9.892500000000002558e+01
9.899000000000003752e+01
9.897999999999998977e+01
9.899000000000002331e+01
9.890999999999999659e+01
9.896000000000007901e+01
9.903500000000006764e+01
9.908500000000000796e+01
9.911000000000007049e+01
9.912000000000007560e+01
9.908500000000002217e+01
9.911500000000003752e+01
9.910500000000003240e+01
9.911000000000009891e+01
9.915500000000004377e+01
9.914500000000003865e+01
9.909499999999999886e+01
9.912000000000007560e+01
9.913500000000010459e+01
9.915000000000006253e+01
9.911500000000008015e+01
9.913500000000006196e+01
9.912000000000006139e+01
9.912500000000004263e+01
9.917500000000005400e+01
9.913000000000005230e+01
9.916500000000007731e+01
9.916500000000013415e+01
9.921500000000011710e+01
9.920500000000006935e+01
9.916000000000006764e+01
9.915500000000007219e+01
9.914000000000005741e+01
9.908000000000008356e+01
9.912000000000008981e+01
9.917500000000013927e+01
9.912000000000011823e+01
9.915500000000005798e+01
9.919000000000006878e+01
9.912500000000007105e+01
9.907500000000004547e+01
9.912500000000005684e+01
9.914000000000005741e+01
9.911000000000007049e+01
9.916000000000006764e+01
9.917000000000007276e+01
9.913500000000009038e+01
9.915500000000008640e+01
9.910500000000010346e+01
9.911000000000005627e+01
9.914000000000004320e+01
9.912000000000010402e+01
9.917000000000008697e+01
9.913500000000006196e+01
9.916000000000001080e+01
9.913000000000009493e+01
9.908500000000013586e+01
9.908500000000015007e+01
9.918000000000006366e+01
9.916500000000007731e+01
9.919000000000006878e+01
9.918500000000008754e+01
9.915500000000007219e+01
9.919500000000007844e+01
9.915500000000002956e+01
9.920500000000006935e+01
9.926500000000004320e+01
9.926000000000011880e+01
9.921500000000010289e+01
9.919000000000011141e+01
9.918500000000008754e+01
9.909500000000009834e+01
9.910000000000007958e+01
9.907500000000004547e+01
9.911000000000009891e+01
9.905000000000011084e+01
9.903000000000008640e+01
9.908000000000008356e+01
9.910000000000007958e+01
9.916000000000009607e+01
9.915000000000006253e+01
9.911500000000009436e+01
9.917000000000008697e+01
9.913000000000010914e+01
9.906500000000005457e+01
9.909500000000002728e+01
9.912000000000001876e+01
9.916500000000003467e+01
9.910500000000006082e+01
9.907500000000005969e+01
9.913000000000002387e+01
9.915500000000004377e+01
9.921500000000001762e+01
9.918000000000003524e+01
9.911000000000002785e+01
9.919000000000005457e+01
9.918000000000004945e+01
9.917000000000004434e+01
9.917000000000001592e+01
9.914000000000004320e+01
9.922500000000005116e+01
9.921500000000008868e+01
9.926500000000008583e+01
9.917500000000009663e+01
9.922000000000009834e+01
9.919500000000007844e+01
9.917000000000008697e+01
9.916000000000009607e+01
9.917000000000005855e+01
9.913000000000010914e+01
9.915500000000015746e+01
9.916000000000009607e+01
9.912500000000011369e+01
9.916500000000006310e+01
9.912499999999998579e+01
9.914000000000004320e+01
9.913000000000002387e+01
9.913500000000003354e+01
9.914000000000007162e+01
9.915000000000006253e+01
9.915500000000002956e+01
9.915500000000011482e+01
9.915000000000006253e+01
9.921000000000006480e+01
9.917500000000011084e+01
9.917500000000011084e+01
9.918000000000012051e+01
9.921500000000007446e+01
9.918500000000007333e+01
9.913000000000006651e+01
9.914500000000002444e+01
9.916000000000003922e+01
9.915500000000002956e+01
9.918000000000003524e+01
9.913500000000004775e+01
9.915000000000001990e+01
9.912500000000004263e+01
9.916500000000000625e+01
9.916500000000007731e+01
9.912500000000007105e+01
9.911500000000005173e+01
9.912500000000004263e+01
9.917000000000004434e+01
9.914500000000006708e+01
9.908500000000002217e+01
9.906499999999996930e+01
9.905999999999998806e+01
9.911000000000008470e+01
9.912000000000001876e+01
9.914000000000001478e+01
9.914500000000001023e+01
9.917500000000003979e+01
9.914000000000004320e+01
9.914500000000005286e+01
9.914500000000003865e+01
9.918000000000002103e+01
9.913500000000004775e+01
9.919000000000006878e+01
9.915000000000006253e+01
9.917000000000007276e+01
9.916500000000007731e+01
9.917000000000004434e+01
9.915000000000006253e+01
9.912000000000006139e+01
9.914500000000010971e+01
9.907500000000008811e+01
9.908000000000002672e+01
9.911000000000007049e+01
9.910000000000006537e+01
9.917500000000006821e+01
9.919500000000010687e+01
9.915000000000004832e+01
9.914000000000004320e+01
9.912500000000005684e+01
9.913500000000004775e+01
9.908500000000003638e+01
9.911500000000000909e+01
9.905999999999998806e+01
9.909000000000001762e+01
9.914500000000003865e+01
9.915500000000010061e+01
9.918000000000007788e+01
9.918500000000007333e+01
9.908500000000005059e+01
9.918000000000002103e+01
9.921500000000006025e+01
9.919500000000007844e+01
9.915000000000003411e+01
9.913000000000012335e+01
9.910000000000007958e+01
9.912000000000014666e+01
9.910000000000012221e+01
9.910000000000003695e+01
9.913000000000008072e+01
9.915500000000008640e+01
9.912500000000007105e+01
9.913500000000007617e+01
9.901500000000001478e+01
9.911500000000003752e+01
9.917500000000003979e+01
9.912000000000006139e+01
9.906000000000008754e+01
9.906000000000008754e+01
9.906500000000004036e+01
9.913000000000005230e+01
9.915000000000003411e+01
