7.750000000000005773e-01
1.339999999999998526e+00
1.819999999999996509e+00
2.264999999999995239e+00
2.779999999999994476e+00
3.224999999999996536e+00
3.669999999999997708e+00
4.139999999999995239e+00
4.639999999999997904e+00
5.149999999999996803e+00
5.704999999999998295e+00
6.180000000000003268e+00
6.600000000000004974e+00
7.145000000000002238e+00
7.570000000000002949e+00
8.029999999999999361e+00
8.539999999999999147e+00
9.104999999999996874e+00
9.609999999999988773e+00
1.008499999999999197e+01
1.056499999999999417e+01
1.100999999999999979e+01
1.144500000000000028e+01
1.198499999999999233e+01
1.247000000000000064e+01
1.290500000000000824e+01
1.341500000000000270e+01
1.387500000000000355e+01
1.434000000000000519e+01
1.482999999999999297e+01
1.525500000000000078e+01
1.577500000000001457e+01
1.619500000000000739e+01
1.664500000000001378e+01
1.712000000000001165e+01
1.758000000000001606e+01
1.807999999999999474e+01
1.851999999999999957e+01
1.906500000000001194e+01
1.943000000000001748e+01
1.995000000000001350e+01
2.039000000000000767e+01
2.083999999999999986e+01
2.134499999999999886e+01
2.181500000000000128e+01
2.228999999999999204e+01
2.277499999999998082e+01
2.313499999999998025e+01
2.363000000000000966e+01
2.414500000000002444e+01
2.466500000000002046e+01
2.511000000000001364e+01
2.554999999999999716e+01
2.604000000000000981e+01
2.650000000000001421e+01
2.696000000000002572e+01
2.735000000000002274e+01
2.780000000000000782e+01
2.823499999999999233e+01
2.873499999999997812e+01
2.919499999999999673e+01
2.970000000000000995e+01
3.018000000000000327e+01
3.064000000000002188e+01
3.109500000000001663e+01
3.153000000000001535e+01
3.199000000000001265e+01
3.243500000000000938e+01
3.294000000000001904e+01
3.341500000000002757e+01
3.384000000000002473e+01
3.430000000000000426e+01
3.483000000000001251e+01
3.524000000000000199e+01
3.566500000000000625e+01
3.618500000000000227e+01
3.660000000000000853e+01
3.714999999999999858e+01
3.760000000000000142e+01
3.809000000000002473e+01
3.852500000000000568e+01
3.893999999999997641e+01
3.931499999999999773e+01
3.987999999999999545e+01
4.035000000000003695e+01
4.078000000000004377e+01
4.128500000000002501e+01
4.174999999999999289e+01
4.217500000000002558e+01
4.263500000000001933e+01
4.303000000000002245e+01
4.367000000000003013e+01
4.421000000000004349e+01
4.468500000000003070e+01
4.508000000000001961e+01
4.559499999999999886e+01
4.600999999999999801e+01
4.649499999999999034e+01
4.694500000000000739e+01
4.739999999999998437e+01
4.786999999999997613e+01
4.836499999999998778e+01
4.883499999999999375e+01
4.936999999999998323e+01
4.984000000000000341e+01
5.033499999999999375e+01
5.086999999999997613e+01
5.127999999999996561e+01
5.171000000000002217e+01
5.212500000000002132e+01
5.257500000000003126e+01
5.308500000000000796e+01
5.355500000000003524e+01
5.401500000000002899e+01
5.449000000000000199e+01
5.493000000000001393e+01
5.543500000000000227e+01
5.590499999999994429e+01
5.637999999999998124e+01
5.680499999999997129e+01
5.725000000000000711e+01
5.767500000000000426e+01
5.813499999999997669e+01
5.864999999999998437e+01
5.908000000000000540e+01
5.952999999999999403e+01
6.001999999999996049e+01
6.052999999999994429e+01
6.098499999999997812e+01
6.146499999999995367e+01
6.193999999999997641e+01
6.235000000000002274e+01
6.280000000000003979e+01
6.324500000000002586e+01
6.371500000000002473e+01
6.412999999999998124e+01
6.457000000000002160e+01
6.501000000000000512e+01
6.554500000000001592e+01
6.601000000000001933e+01
6.652000000000003865e+01
6.695000000000003126e+01
6.740999999999999659e+01
6.778500000000002501e+01
6.827500000000003411e+01
6.873499999999998522e+01
6.922499999999995168e+01
6.972499999999999432e+01
7.016999999999998749e+01
7.065999999999996817e+01
7.113499999999997669e+01
7.160999999999998522e+01
7.200499999999998124e+01
7.236499999999995225e+01
7.287499999999997158e+01
7.329999999999999716e+01
7.379999999999994031e+01
7.424499999999997613e+01
7.476499999999998636e+01
7.522499999999999432e+01
7.571000000000003638e+01
7.616999999999998749e+01
7.654999999999999716e+01
7.706000000000005912e+01
7.752500000000003411e+01
7.799500000000003297e+01
7.841500000000002046e+01
7.892500000000003979e+01
7.940500000000000114e+01
7.984999999999998010e+01
8.034500000000005571e+01
8.081000000000007333e+01
8.126000000000006196e+01
8.175500000000002387e+01
8.229000000000003467e+01
8.271500000000003183e+01
8.312999999999999545e+01
8.359500000000002728e+01
8.397000000000006992e+01
8.445000000000004547e+01
8.487500000000001421e+01
8.534000000000001762e+01
8.581000000000000227e+01
8.623999999999996646e+01
8.671000000000002217e+01
8.714499999999998181e+01
8.762499999999998579e+01
8.809000000000001762e+01
8.853000000000000114e+01
8.899500000000000455e+01
8.945999999999997954e+01
8.984999999999998010e+01
9.030499999999992156e+01
9.075499999999995282e+01
9.123999999999993804e+01
9.169999999999993179e+01
9.215999999999991132e+01
9.269499999999993634e+01
9.313499999999991985e+01
9.356499999999988404e+01
9.401999999999986812e+01
9.453999999999987836e+01
9.491999999999993065e+01
9.522999999999994714e+01
9.558999999999997499e+01
9.593999999999989825e+01
9.632999999999995566e+01
9.671999999999997044e+01
9.704499999999994486e+01
9.722999999999997556e+01
9.747999999999997556e+01
9.769999999999996021e+01
9.781499999999996930e+01
9.794500000000002160e+01
9.807499999999998863e+01
9.825999999999997669e+01
9.845499999999999829e+01
9.861999999999996191e+01
9.876499999999998636e+01
9.884000000000000341e+01
9.881499999999996930e+01
9.890500000000000114e+01
9.897499999999999432e+01
9.891000000000002501e+01
9.897000000000002728e+01
9.906000000000010175e+01
9.903500000000009607e+01
9.907500000000005969e+01
9.911500000000009436e+01
9.910000000000009379e+01
9.916500000000007731e+01
9.913000000000008072e+01
9.914500000000010971e+01
9.919000000000005457e+01
9.915500000000005798e+01
9.913500000000010459e+01
9.916500000000006310e+01
9.911500000000008015e+01
9.913500000000007617e+01
9.911000000000007049e+01
9.912000000000008981e+01
9.910000000000006537e+01
9.909000000000000341e+01
9.911500000000002331e+01
9.914500000000006708e+01
9.909500000000006992e+01
9.907000000000009265e+01
9.905000000000008242e+01
9.905500000000006366e+01
9.913500000000004775e+01
9.919000000000006878e+01
9.915000000000003411e+01
9.907500000000007390e+01
9.914000000000008583e+01
9.911000000000005627e+01
9.906500000000008299e+01
9.905500000000003524e+01
9.912500000000007105e+01
9.917000000000004434e+01
9.916500000000002046e+01
9.916500000000007731e+01
9.912000000000006139e+01
9.910000000000002274e+01
9.910500000000003240e+01
9.914500000000005286e+01
9.920000000000003126e+01
9.913500000000004775e+01
9.914000000000004320e+01
9.918999999999999773e+01
9.917500000000001137e+01
9.915500000000004377e+01
9.912500000000005684e+01
9.911000000000009891e+01
9.911000000000015575e+01
9.921000000000006480e+01
9.917500000000006821e+01
9.916500000000007731e+01
9.916500000000010573e+01
9.916000000000009607e+01
9.917000000000010118e+01
9.923000000000010346e+01
9.916000000000002501e+01
9.912500000000001421e+01
9.917500000000001137e+01
9.915500000000004377e+01
9.912500000000001421e+01
9.912500000000007105e+01
9.912000000000010402e+01
9.915500000000008640e+01
9.919000000000008299e+01
9.917000000000004434e+01
9.906500000000002615e+01
9.909500000000004150e+01
9.919500000000005002e+01
9.918500000000004491e+01
9.918500000000004491e+01
9.919500000000005002e+01
9.920500000000005514e+01
9.917000000000000171e+01
9.916500000000003467e+01
9.922500000000009379e+01
9.917000000000003013e+01
9.916000000000003922e+01
9.916500000000009152e+01
9.917500000000006821e+01
9.920000000000004547e+01
9.927000000000008129e+01
9.922000000000004150e+01
9.917500000000005400e+01
9.919500000000005002e+01
9.920500000000008356e+01
9.920000000000008811e+01
9.919000000000006878e+01
9.913999999999998636e+01
9.913499999999999091e+01
9.909499999999999886e+01
9.910500000000004661e+01
9.912000000000006139e+01
9.910000000000005116e+01
9.917000000000003013e+01
9.916000000000003922e+01
9.915500000000005798e+01
9.914500000000001023e+01
9.920000000000008811e+01
9.912500000000008527e+01
9.919000000000011141e+01
9.919500000000007844e+01
9.919000000000009720e+01
9.916500000000009152e+01
9.909500000000006992e+01
9.911500000000009436e+01
9.908500000000007901e+01
9.915000000000007674e+01
9.913500000000003354e+01
9.913500000000003354e+01
9.913500000000003354e+01
9.910000000000006537e+01
9.907000000000005002e+01
9.912500000000008527e+01
9.921000000000007901e+01
9.915500000000012903e+01
9.905500000000007788e+01
9.910000000000010800e+01
9.912000000000004718e+01
9.911000000000008470e+01
9.915000000000007674e+01
9.920000000000007390e+01
9.924000000000008015e+01
9.923000000000011767e+01
9.923000000000006082e+01
9.915500000000005798e+01
9.917000000000010118e+01
9.916500000000004889e+01
9.914000000000004320e+01
9.912500000000005684e+01
9.914500000000006708e+01
9.914000000000004320e+01
9.916000000000002501e+01
9.910500000000001819e+01
9.914500000000001023e+01
9.914000000000000057e+01
9.910000000000000853e+01
9.914500000000003865e+01
9.913999999999998636e+01
9.915500000000005798e+01
9.916500000000009152e+01
9.911500000000003752e+01
9.913499999999997669e+01
9.914499999999999602e+01
9.911500000000008015e+01
9.911000000000009891e+01
9.916000000000009607e+01
9.912000000000010402e+01
9.911500000000012278e+01
9.910500000000008924e+01
9.907500000000007390e+01
9.909000000000011710e+01
9.908500000000012164e+01
9.910500000000014609e+01
9.912500000000007105e+01
9.912000000000004718e+01
9.910999999999998522e+01
9.913499999999999091e+01
9.913500000000001933e+01
9.919000000000005457e+01
9.915000000000004832e+01
9.917000000000003013e+01
9.918000000000003524e+01
9.918500000000008754e+01
9.913500000000006196e+01
9.912500000000001421e+01
9.913000000000002387e+01
9.909000000000004604e+01
9.907500000000008811e+01
9.907500000000005969e+01
9.904000000000002046e+01
9.912500000000007105e+01
9.910000000000003695e+01
9.918500000000011596e+01
9.924500000000007560e+01
9.920000000000008811e+01
9.918000000000004945e+01
9.917000000000008697e+01
9.917500000000009663e+01
9.920000000000008811e+01
9.921000000000000796e+01
9.918000000000004945e+01
9.918000000000000682e+01
9.916000000000002501e+01
9.917000000000004434e+01
9.914500000000003865e+01
9.916500000000002046e+01
9.920500000000004093e+01
9.912500000000002842e+01
9.915000000000006253e+01
9.917000000000011539e+01
9.916500000000009152e+01
9.919500000000009265e+01
9.916500000000009152e+01
9.917500000000005400e+01
9.920000000000003126e+01
9.916500000000007731e+01
9.911000000000005627e+01
9.915000000000003411e+01
9.913000000000006651e+01
9.909500000000006992e+01
9.910500000000010346e+01
9.913000000000005230e+01
9.919000000000005457e+01
9.918500000000005912e+01
9.919500000000005002e+01
9.918500000000004491e+01
9.916000000000003922e+01
9.912500000000007105e+01
9.915000000000004832e+01
9.915000000000009095e+01
9.919500000000010687e+01
9.917500000000009663e+01
9.913000000000009493e+01
9.920000000000010232e+01
9.920000000000004547e+01
9.917000000000007276e+01
9.917000000000008697e+01
9.918000000000007788e+01
9.916000000000011028e+01
9.917500000000002558e+01
9.921000000000007901e+01
9.917500000000006821e+01
9.915500000000010061e+01
9.915000000000006253e+01
9.920500000000005514e+01
9.917500000000006821e+01
9.918000000000007788e+01
9.910500000000010346e+01
9.910500000000011767e+01
9.917000000000008697e+01
9.916500000000010573e+01
9.913500000000006196e+01
9.911500000000005173e+01
9.910000000000003695e+01
9.909500000000006992e+01
9.911000000000004206e+01
9.912500000000000000e+01
9.919000000000004036e+01
9.914000000000002899e+01
9.912500000000007105e+01
9.909500000000005571e+01
9.913500000000007617e+01
9.914000000000012847e+01
9.906500000000012562e+01
9.912000000000006139e+01
9.913000000000002387e+01
9.910500000000004661e+01
9.907500000000003126e+01
9.912000000000003297e+01
9.914000000000008583e+01
9.911000000000007049e+01
9.914500000000005286e+01
9.921000000000003638e+01
9.917000000000008697e+01
9.917000000000004434e+01
9.914000000000005741e+01
9.912500000000015632e+01
9.914000000000014268e+01
9.918500000000004491e+01
9.915500000000002956e+01
9.924000000000008015e+01
9.923500000000004206e+01
9.925000000000007105e+01
9.919500000000007844e+01
9.921000000000005059e+01
9.921500000000007446e+01
9.915500000000005798e+01
9.917000000000001592e+01
9.913000000000006651e+01
9.909500000000005571e+01
9.909499999999999886e+01
9.912000000000000455e+01
9.914000000000001478e+01
9.904000000000003467e+01
