1.399999999999999023e+00
2.204999999999996962e+00
2.969999999999994866e+00
3.764999999999996572e+00
4.459999999999991971e+00
5.025000000000001243e+00
5.590000000000003411e+00
6.145000000000004903e+00
6.745000000000008100e+00
7.295000000000004370e+00
7.935000000000001386e+00
8.624999999999992895e+00
9.234999999999990550e+00
9.854999999999991545e+00
1.051499999999999346e+01
1.109999999999999254e+01
1.179500000000000348e+01
1.245999999999999730e+01
1.302000000000000490e+01
1.367999999999999616e+01
1.424499999999999567e+01
1.476499999999999702e+01
1.525999999999999801e+01
1.583500000000000085e+01
1.649500000000001521e+01
1.713000000000000611e+01
1.788500000000000512e+01
1.830500000000000327e+01
1.892500000000000782e+01
1.952000000000001023e+01
2.006500000000001904e+01
2.067500000000000071e+01
2.125000000000000000e+01
2.183999999999999986e+01
2.247000000000000597e+01
2.304500000000001236e+01
2.371499999999998920e+01
2.426500000000000057e+01
2.481999999999999673e+01
2.550499999999998479e+01
2.610500000000000043e+01
2.672000000000001307e+01
2.733000000000001606e+01
2.798500000000000654e+01
2.857499999999998863e+01
2.908999999999999631e+01
2.960999999999999588e+01
3.023499999999999943e+01
3.086500000000000199e+01
3.146500000000001052e+01
3.212000000000000455e+01
3.271000000000001506e+01
3.336000000000000654e+01
3.393000000000000682e+01
3.455000000000000426e+01
3.505499999999999972e+01
3.561500000000000199e+01
3.633000000000001251e+01
3.686500000000000199e+01
3.753500000000001080e+01
3.819500000000001450e+01
3.876500000000000057e+01
3.928500000000001080e+01
3.994000000000000483e+01
4.054999999999999716e+01
4.115499999999997982e+01
4.171999999999998465e+01
4.228999999999999204e+01
4.294500000000000028e+01
4.355500000000001393e+01
4.406500000000002615e+01
4.468499999999998806e+01
4.525999999999998380e+01
4.579999999999998295e+01
4.637999999999999545e+01
4.701000000000003354e+01
4.763499999999999091e+01
4.824499999999999034e+01
4.886999999999998323e+01
4.946499999999998920e+01
5.002499999999999147e+01
5.067500000000001137e+01
5.128000000000001535e+01
5.189999999999999858e+01
5.249499999999998323e+01
5.293000000000002814e+01
5.352000000000003865e+01
5.409500000000001307e+01
5.474499999999998323e+01
5.542999999999993577e+01
5.603999999999994230e+01
5.658999999999996788e+01
5.714499999999998892e+01
5.777499999999998437e+01
5.827999999999997272e+01
5.884999999999997300e+01
5.942999999999997840e+01
6.004999999999996874e+01
6.050999999999996248e+01
6.106999999999998607e+01
6.168000000000004945e+01
6.222000000000004150e+01
6.275500000000003098e+01
6.333000000000001961e+01
6.394499999999999318e+01
6.451500000000004320e+01
6.511500000000002331e+01
6.569500000000002160e+01
6.634000000000001762e+01
6.694000000000005457e+01
6.745000000000004547e+01
6.806500000000004036e+01
6.874500000000000455e+01
6.926999999999998181e+01
6.986999999999994770e+01
7.042999999999994998e+01
7.104999999999994031e+01
7.163499999999997669e+01
7.220499999999991303e+01
7.284000000000001762e+01
7.342500000000001137e+01
7.409000000000004604e+01
7.464000000000001478e+01
7.523000000000004661e+01
7.578500000000003922e+01
7.633000000000004093e+01
7.690500000000004377e+01
7.750000000000004263e+01
7.809500000000001307e+01
7.870500000000002672e+01
7.939499999999998181e+01
8.001000000000004775e+01
8.063000000000005230e+01
8.120500000000008356e+01
8.178500000000005343e+01
8.242499999999998295e+01
8.295500000000001251e+01
8.352499999999999147e+01
8.417499999999998295e+01
8.478000000000005798e+01
8.528000000000000114e+01
8.591000000000003922e+01
8.658499999999997954e+01
8.710499999999996135e+01
8.767499999999998295e+01
8.817500000000001137e+01
8.879499999999997328e+01
8.932499999999994600e+01
8.983999999999997499e+01
9.041999999999993065e+01
9.096999999999994202e+01
9.156499999999995509e+01
9.211499999999996646e+01
9.261999999999999034e+01
9.315499999999994429e+01
9.368999999999992667e+01
9.424499999999996191e+01
9.474499999999997613e+01
9.506499999999996930e+01
9.550499999999995282e+01
9.593499999999995964e+01
9.638000000000000966e+01
9.676499999999992951e+01
9.713499999999996248e+01
9.744499999999992212e+01
9.771499999999998920e+01
9.792499999999996874e+01
9.805499999999994998e+01
9.822500000000002274e+01
9.839000000000007162e+01
9.855000000000005400e+01
9.855999999999998806e+01
9.875000000000005684e+01
9.887000000000006139e+01
9.890500000000008640e+01
9.904500000000008697e+01
9.910500000000007503e+01
9.905500000000007788e+01
9.906000000000005912e+01
9.906000000000008754e+01
9.907500000000005969e+01
9.909000000000007446e+01
9.909000000000015973e+01
9.904000000000010573e+01
9.908500000000010743e+01
9.912000000000008981e+01
9.910000000000006537e+01
9.913500000000004775e+01
9.917000000000003013e+01
9.918500000000004491e+01
9.912500000000002842e+01
9.909000000000003183e+01
9.909500000000002728e+01
9.915500000000005798e+01
9.917000000000008697e+01
9.904000000000003467e+01
9.904000000000004889e+01
9.905000000000006821e+01
9.910500000000003240e+01
9.908000000000009777e+01
9.904500000000001592e+01
9.905000000000009663e+01
9.919500000000007844e+01
9.917499999999999716e+01
9.917499999999995453e+01
9.915500000000000114e+01
9.923500000000002785e+01
9.917000000000003013e+01
9.912500000000007105e+01
9.909000000000004604e+01
9.916000000000012449e+01
9.913000000000010914e+01
9.919500000000010687e+01
9.919000000000004036e+01
9.915000000000003411e+01
9.918500000000005912e+01
9.920500000000006935e+01
9.920000000000007390e+01
9.920500000000002672e+01
9.918000000000004945e+01
9.916000000000009607e+01
9.914000000000005741e+01
9.921500000000004604e+01
9.915500000000005798e+01
9.910000000000007958e+01
9.907500000000004547e+01
9.918000000000007788e+01
9.918000000000009209e+01
9.912500000000009948e+01
9.917500000000013927e+01
9.913500000000007617e+01
9.910500000000011767e+01
9.913500000000004775e+01
9.916000000000005343e+01
9.910000000000006537e+01
9.914500000000009550e+01
9.917000000000011539e+01
9.911000000000007049e+01
9.913500000000006196e+01
9.912000000000007560e+01
9.910000000000005116e+01
9.911000000000005627e+01
9.910500000000003240e+01
9.913500000000001933e+01
9.906500000000004036e+01
9.910000000000006537e+01
9.911500000000010857e+01
9.909500000000008413e+01
9.916500000000003467e+01
9.917000000000007276e+01
9.910500000000008924e+01
9.916500000000014836e+01
9.917000000000012960e+01
9.921000000000010743e+01
9.916000000000002501e+01
9.914999999999999147e+01
9.919500000000005002e+01
9.921000000000005059e+01
9.918000000000004945e+01
9.917000000000005855e+01
9.914000000000002899e+01
9.912500000000005684e+01
9.913000000000010914e+01
9.911000000000007049e+01
9.916500000000007731e+01
9.913500000000010459e+01
9.917500000000009663e+01
9.910500000000008924e+01
9.910500000000006082e+01
9.918000000000004945e+01
9.914000000000008583e+01
9.916500000000010573e+01
9.910500000000008924e+01
9.903500000000013870e+01
9.909500000000012676e+01
9.912000000000014666e+01
9.909500000000005571e+01
9.911500000000006594e+01
9.912000000000010402e+01
9.915000000000014779e+01
9.911500000000013699e+01
9.921500000000010289e+01
9.925000000000004263e+01
9.922500000000010800e+01
9.921000000000006480e+01
9.919500000000009265e+01
9.919000000000011141e+01
9.916000000000008185e+01
9.919000000000005457e+01
9.912500000000004263e+01
9.919000000000008299e+01
9.909000000000007446e+01
9.910500000000006082e+01
9.918500000000007333e+01
9.916000000000008185e+01
9.909500000000004150e+01
9.909000000000004604e+01
9.917500000000006821e+01
9.916500000000007731e+01
9.912000000000006139e+01
9.915000000000001990e+01
9.912000000000007560e+01
9.909000000000011710e+01
9.916500000000009152e+01
9.915500000000002956e+01
9.916000000000006764e+01
9.918000000000009209e+01
9.913500000000007617e+01
9.915500000000004377e+01
9.909500000000004150e+01
9.905000000000008242e+01
9.912000000000004718e+01
9.917500000000003979e+01
9.917500000000008242e+01
9.918000000000007788e+01
9.918500000000007333e+01
9.918500000000005912e+01
9.918000000000009209e+01
9.920000000000005969e+01
9.917000000000010118e+01
9.917500000000009663e+01
9.921500000000008868e+01
9.920000000000007390e+01
9.913000000000002387e+01
9.912499999999998579e+01
9.915500000000002956e+01
9.915500000000008640e+01
9.916500000000004889e+01
9.921500000000007446e+01
9.919500000000002160e+01
9.916500000000007731e+01
9.918500000000005912e+01
9.914000000000007162e+01
9.910000000000005116e+01
9.912500000000004263e+01
9.908500000000006480e+01
9.914000000000004320e+01
9.920000000000011653e+01
9.916500000000011994e+01
9.914500000000008129e+01
9.913000000000008072e+01
9.914000000000012847e+01
9.911000000000007049e+01
9.917500000000005400e+01
9.915000000000007674e+01
9.917000000000005855e+01
9.919499999999999318e+01
9.920500000000006935e+01
9.921000000000005059e+01
9.925500000000009493e+01
9.916000000000006764e+01
9.917000000000003013e+01
9.913000000000005230e+01
9.913500000000006196e+01
9.911499999999999488e+01
9.910000000000003695e+01
9.912000000000003297e+01
9.917500000000006821e+01
9.912500000000002842e+01
9.913500000000003354e+01
9.910500000000004661e+01
9.909500000000006992e+01
9.913500000000007617e+01
9.919500000000003581e+01
9.925000000000008527e+01
9.922000000000008413e+01
9.916500000000003467e+01
9.924000000000003752e+01
9.922000000000004150e+01
9.916500000000009152e+01
9.912500000000005684e+01
9.910000000000002274e+01
9.911000000000007049e+01
9.914000000000010004e+01
9.912500000000009948e+01
9.927000000000006708e+01
9.913000000000009493e+01
9.911000000000005627e+01
9.915000000000000568e+01
9.910499999999998977e+01
9.910000000000006537e+01
9.909500000000005571e+01
9.913500000000007617e+01
9.916000000000009607e+01
9.918000000000007788e+01
9.911000000000004206e+01
9.913000000000005230e+01
9.914500000000010971e+01
9.913000000000013756e+01
9.914500000000012392e+01
9.918500000000010175e+01
9.918500000000005912e+01
9.920500000000005514e+01
9.922000000000005571e+01
9.926000000000010459e+01
9.912000000000013245e+01
9.919500000000005002e+01
9.920000000000007390e+01
9.917500000000008242e+01
9.919000000000005457e+01
9.917000000000010118e+01
9.916000000000009607e+01
9.913500000000009038e+01
9.915000000000011937e+01
9.919000000000009720e+01
9.920500000000008356e+01
9.920500000000008356e+01
9.919500000000007844e+01
9.918500000000005912e+01
9.915000000000009095e+01
9.910000000000005116e+01
9.910500000000003240e+01
9.915500000000007219e+01
9.920500000000011198e+01
9.920000000000008811e+01
9.917000000000005855e+01
9.915500000000007219e+01
9.915500000000004377e+01
9.914000000000002899e+01
9.913000000000005230e+01
9.912500000000005684e+01
9.920000000000010232e+01
9.909500000000014097e+01
9.914000000000005741e+01
9.916500000000009152e+01
9.915500000000012903e+01
9.914500000000006708e+01
9.916000000000006764e+01
9.919500000000006423e+01
9.915500000000010061e+01
9.920000000000008811e+01
9.917000000000007276e+01
9.914500000000003865e+01
9.914000000000007162e+01
9.906500000000005457e+01
9.914000000000007162e+01
9.912500000000009948e+01
9.906500000000008299e+01
9.911500000000009436e+01
9.912500000000009948e+01
9.913000000000003809e+01
9.910499999999997556e+01
9.915500000000005798e+01
9.916000000000008185e+01
9.917500000000008242e+01
9.917000000000007276e+01
9.912500000000012790e+01
9.916000000000012449e+01
9.916500000000004889e+01
9.920000000000010232e+01
9.919500000000007844e+01
9.916500000000006310e+01
9.914500000000006708e+01
9.917500000000003979e+01
9.917500000000002558e+01
9.915500000000011482e+01
9.918000000000010630e+01
9.913500000000009038e+01
9.918000000000009209e+01
9.912500000000000000e+01
9.914500000000008129e+01
9.909000000000010289e+01
9.907000000000010687e+01
9.911000000000008470e+01
9.915000000000007674e+01
9.914500000000006708e+01
9.915500000000011482e+01
9.903500000000005343e+01
9.906500000000004036e+01
9.909500000000001307e+01
9.907500000000000284e+01
9.913000000000003809e+01
9.915500000000010061e+01
9.909000000000008868e+01
9.914500000000005286e+01
9.917500000000008242e+01
9.920000000000011653e+01
9.913000000000010914e+01
9.908000000000014040e+01
9.912000000000010402e+01
9.908500000000007901e+01
9.912500000000005684e+01
9.914000000000008583e+01
9.910500000000006082e+01
9.909000000000004604e+01
9.908500000000002217e+01
9.909500000000009834e+01
9.912000000000008981e+01
9.923000000000004661e+01
9.915500000000005798e+01
9.913000000000008072e+01
9.916000000000009607e+01
9.920000000000007390e+01
9.916000000000003922e+01
9.911500000000000909e+01
9.905000000000002558e+01
9.909500000000006992e+01
9.914000000000007162e+01
9.909500000000008413e+01
9.912000000000003297e+01
