9.900000000000007683e-01
1.669999999999997042e+00
2.259999999999995790e+00
2.864999999999995772e+00
3.194999999999994955e+00
3.664999999999996039e+00
4.174999999999996270e+00
4.619999999999996554e+00
4.979999999999998650e+00
5.409999999999998366e+00
5.790000000000000924e+00
6.230000000000005755e+00
6.695000000000005613e+00
7.090000000000006963e+00
7.515000000000003233e+00
8.019999999999997797e+00
8.494999999999995666e+00
9.024999999999995026e+00
9.574999999999995737e+00
9.959999999999993747e+00
1.042499999999999183e+01
1.091499999999998671e+01
1.134499999999999353e+01
1.179500000000000171e+01
1.230499999999999972e+01
1.272999999999999687e+01
1.332500000000000107e+01
1.372499999999999964e+01
1.410999999999999766e+01
1.454500000000000348e+01
1.505500000000000682e+01
1.547000000000001130e+01
1.593000000000001215e+01
1.627000000000000668e+01
1.674000000000000199e+01
1.721500000000000341e+01
1.767000000000000171e+01
1.813500000000000156e+01
1.862500000000000355e+01
1.903500000000001080e+01
1.953500000000000369e+01
2.009499999999999531e+01
2.050999999999999801e+01
2.093999999999999417e+01
2.135500000000000753e+01
2.180500000000001037e+01
2.221000000000000796e+01
2.266999999999999815e+01
2.326499999999999702e+01
2.372999999999999687e+01
2.427000000000000313e+01
2.464499999999999247e+01
2.515500000000000824e+01
2.560499999999998977e+01
2.603000000000001180e+01
2.641500000000000625e+01
2.677000000000001734e+01
2.729500000000000526e+01
2.778000000000000469e+01
2.826499999999998991e+01
2.864000000000001123e+01
2.909500000000000242e+01
2.952999999999999758e+01
2.996499999999999631e+01
3.046500000000000341e+01
3.085000000000000853e+01
3.130999999999999517e+01
3.171499999999998920e+01
3.214000000000001478e+01
3.251000000000002643e+01
3.292000000000002302e+01
3.337000000000003297e+01
3.384000000000003183e+01
3.425000000000000711e+01
3.476000000000000512e+01
3.528999999999999204e+01
3.583499999999997243e+01
3.623499999999999233e+01
3.663499999999998380e+01
3.701499999999998636e+01
3.747999999999999687e+01
3.794500000000000739e+01
3.842999999999999261e+01
3.890500000000000114e+01
3.933499999999999375e+01
3.972999999999998266e+01
4.013999999999997925e+01
4.061500000000000199e+01
4.110000000000000853e+01
4.157500000000001705e+01
4.207500000000003126e+01
4.256000000000003070e+01
4.297000000000004150e+01
4.341500000000002757e+01
4.384000000000003183e+01
4.428999999999999915e+01
4.467000000000000171e+01
4.510499999999999687e+01
4.553000000000000114e+01
4.588499999999999801e+01
4.631499999999998352e+01
4.681499999999999062e+01
4.720499999999996987e+01
4.769499999999997897e+01
4.818499999999998806e+01
4.858999999999998209e+01
4.900999999999998380e+01
4.946499999999998209e+01
4.992499999999997584e+01
5.050000000000000000e+01
5.100500000000000966e+01
5.145499999999996987e+01
5.203000000000000824e+01
5.241999999999998749e+01
5.279999999999997584e+01
5.325000000000000000e+01
5.374000000000001620e+01
5.424000000000000909e+01
5.464500000000001023e+01
5.504499999999998039e+01
5.548999999999998067e+01
5.598499999999997101e+01
5.639999999999996305e+01
5.678499999999998948e+01
5.735500000000000398e+01
5.777500000000000568e+01
5.827999999999995140e+01
5.871499999999994657e+01
5.926499999999997925e+01
5.960999999999999233e+01
6.005499999999999261e+01
6.045500000000001251e+01
6.096500000000001762e+01
6.140499999999998693e+01
6.186500000000000909e+01
6.237000000000000455e+01
6.286500000000001620e+01
6.324000000000003041e+01
6.370000000000003126e+01
6.410000000000002274e+01
6.453000000000001535e+01
6.504999999999999716e+01
6.546500000000003183e+01
6.593000000000003524e+01
6.639000000000002899e+01
6.693500000000003070e+01
6.730000000000006821e+01
6.778500000000001080e+01
6.823000000000003240e+01
6.868500000000000227e+01
6.909499999999997044e+01
6.951499999999995794e+01
6.988499999999997669e+01
7.033500000000000796e+01
7.083500000000000796e+01
7.118999999999996930e+01
7.155999999999995964e+01
7.201999999999992497e+01
7.244499999999990791e+01
7.282999999999992724e+01
7.328499999999995396e+01
7.379999999999996874e+01
7.426499999999995794e+01
7.464999999999996305e+01
7.512500000000000000e+01
7.556499999999998352e+01
7.601500000000004320e+01
7.646000000000003638e+01
7.688500000000004775e+01
7.727500000000001990e+01
7.774000000000003752e+01
7.817000000000004434e+01
7.857500000000008811e+01
7.900000000000004263e+01
7.946999999999999886e+01
7.997500000000000853e+01
8.045499999999996987e+01
8.099499999999999034e+01
8.129499999999998749e+01
8.165000000000001990e+01
8.215500000000004377e+01
8.258500000000002217e+01
8.303500000000003922e+01
8.352000000000005286e+01
8.386500000000000909e+01
8.433000000000005514e+01
8.471500000000010289e+01
8.521000000000006480e+01
8.567000000000004434e+01
8.604000000000004889e+01
8.644000000000005457e+01
8.692000000000000171e+01
8.736499999999990962e+01
8.782499999999996021e+01
8.836999999999991928e+01
8.886999999999991928e+01
8.935999999999998522e+01
8.976999999999999602e+01
9.029000000000000625e+01
9.068999999999995509e+01
9.109499999999998465e+01
9.147999999999996135e+01
9.178999999999996362e+01
9.217999999999996419e+01
9.253999999999992099e+01
9.289000000000000057e+01
9.336499999999998067e+01
9.388500000000003354e+01
9.426499999999995794e+01
9.465499999999990166e+01
9.498999999999988120e+01
9.528999999999993520e+01
9.566999999999997328e+01
9.602999999999997272e+01
9.635499999999993292e+01
9.665499999999995850e+01
9.699000000000005173e+01
9.719500000000002160e+01
9.748499999999998522e+01
9.770999999999996533e+01
9.790000000000003411e+01
9.804499999999997328e+01
9.818500000000001648e+01
9.836000000000001364e+01
9.846000000000005059e+01
9.854500000000001592e+01
9.857500000000003126e+01
9.867499999999998295e+01
9.872499999999995168e+01
9.883999999999997499e+01
9.892500000000001137e+01
9.892999999999997840e+01
9.897499999999999432e+01
9.896999999999999886e+01
9.907000000000002160e+01
9.905000000000003979e+01
9.906500000000005457e+01
9.917500000000009663e+01
9.912000000000004718e+01
9.909500000000008413e+01
9.916500000000007731e+01
9.911000000000009891e+01
9.914000000000002899e+01
9.909500000000001307e+01
9.910500000000001819e+01
9.912500000000004263e+01
9.913500000000007617e+01
9.905000000000006821e+01
9.909500000000004150e+01
9.912000000000006139e+01
9.909500000000012676e+01
9.908500000000012164e+01
9.920000000000005969e+01
9.921000000000010743e+01
9.914500000000008129e+01
9.909500000000011255e+01
9.910000000000006537e+01
9.907500000000001705e+01
9.916000000000005343e+01
9.911000000000009891e+01
9.921000000000009322e+01
9.925500000000008072e+01
9.919000000000008299e+01
9.920500000000008356e+01
9.917000000000005855e+01
9.915000000000003411e+01
9.916000000000001080e+01
9.917500000000009663e+01
9.918000000000002103e+01
9.921500000000006025e+01
9.916500000000007731e+01
9.915500000000005798e+01
9.919000000000009720e+01
9.919000000000005457e+01
9.920500000000006935e+01
9.917500000000008242e+01
9.919000000000006878e+01
9.918000000000004945e+01
9.918000000000003524e+01
9.915000000000004832e+01
9.916000000000005343e+01
9.921500000000006025e+01
9.916000000000006764e+01
9.918500000000004491e+01
9.915500000000005798e+01
9.918500000000005912e+01
9.919500000000003581e+01
9.919000000000006878e+01
9.915500000000007219e+01
9.919000000000008299e+01
9.919000000000008299e+01
9.921500000000007446e+01
9.919000000000004036e+01
9.915000000000009095e+01
9.919000000000006878e+01
9.921000000000006480e+01
9.919500000000012108e+01
9.914500000000009550e+01
9.918500000000013017e+01
9.919500000000006423e+01
9.919500000000006423e+01
9.921000000000006480e+01
9.916000000000008185e+01
9.916000000000008185e+01
9.917500000000009663e+01
9.914500000000005286e+01
9.910000000000005116e+01
9.913000000000008072e+01
9.915000000000007674e+01
9.916000000000003922e+01
9.916500000000006310e+01
9.912500000000001421e+01
9.912000000000000455e+01
9.918000000000004945e+01
9.916000000000005343e+01
9.914000000000004320e+01
9.912500000000004263e+01
9.918000000000009209e+01
9.915000000000006253e+01
9.916000000000006764e+01
9.915000000000010516e+01
9.915500000000005798e+01
9.915000000000006253e+01
9.917000000000004434e+01
9.909500000000004150e+01
9.916000000000008185e+01
9.918000000000009209e+01
9.914500000000005286e+01
9.915500000000007219e+01
9.911500000000006594e+01
9.908500000000009322e+01
9.916500000000004889e+01
9.915000000000003411e+01
9.913500000000007617e+01
9.915000000000007674e+01
9.918000000000006366e+01
9.914000000000001478e+01
9.916500000000004889e+01
9.915000000000007674e+01
9.915500000000012903e+01
9.913500000000006196e+01
9.916500000000010573e+01
9.912000000000006139e+01
9.912500000000008527e+01
9.909500000000012676e+01
9.911000000000008470e+01
9.913500000000007617e+01
9.909000000000010289e+01
9.915500000000008640e+01
9.917000000000008697e+01
9.918500000000008754e+01
9.922000000000005571e+01
9.927000000000006708e+01
9.918500000000007333e+01
9.916500000000009152e+01
9.914000000000007162e+01
9.912000000000013245e+01
9.914000000000012847e+01
9.919000000000008299e+01
9.916000000000009607e+01
9.922000000000008413e+01
9.920000000000003126e+01
9.917000000000008697e+01
9.915500000000005798e+01
9.913500000000009038e+01
9.910000000000005116e+01
9.913500000000006196e+01
9.912500000000005684e+01
9.918000000000006366e+01
9.921500000000006025e+01
9.921500000000007446e+01
9.926500000000005741e+01
9.923000000000000398e+01
9.921500000000004604e+01
9.925500000000002387e+01
9.920500000000006935e+01
9.920500000000006935e+01
9.929000000000006310e+01
9.916000000000006764e+01
9.915500000000011482e+01
9.914500000000006708e+01
9.914500000000005286e+01
9.920500000000008356e+01
9.924000000000009436e+01
9.916000000000003922e+01
9.917500000000003979e+01
9.916000000000005343e+01
9.910000000000002274e+01
9.916500000000007731e+01
9.921000000000007901e+01
9.910500000000004661e+01
9.910000000000009379e+01
9.909000000000003183e+01
9.907999999999999829e+01
9.908499999999996533e+01
9.919500000000002160e+01
9.920500000000004093e+01
9.918500000000003070e+01
9.915500000000001535e+01
9.917000000000004434e+01
9.918500000000003070e+01
9.918500000000003070e+01
9.923499999999999943e+01
9.917500000000003979e+01
9.912000000000004718e+01
9.903500000000006764e+01
9.903000000000002956e+01
9.915000000000007674e+01
9.916500000000004889e+01
9.919500000000012108e+01
9.918000000000012051e+01
9.915000000000016200e+01
9.916000000000005343e+01
9.919500000000010687e+01
9.915000000000007674e+01
9.917000000000007276e+01
9.917000000000007276e+01
9.913500000000004775e+01
9.914500000000002444e+01
9.910500000000008924e+01
9.909500000000005571e+01
9.910000000000005116e+01
9.914000000000010004e+01
9.911500000000005173e+01
9.917500000000006821e+01
9.913499999999999091e+01
9.908500000000002217e+01
9.914000000000004320e+01
9.914000000000004320e+01
9.913500000000001933e+01
9.910500000000001819e+01
9.911000000000007049e+01
9.909000000000003183e+01
9.913500000000004775e+01
9.918500000000004491e+01
9.913000000000009493e+01
9.913000000000009493e+01
9.919000000000006878e+01
9.927500000000006253e+01
9.920500000000002672e+01
9.918500000000003070e+01
9.915000000000001990e+01
9.924000000000005173e+01
9.913500000000004775e+01
9.914000000000010004e+01
9.914000000000008583e+01
9.921000000000005059e+01
9.926500000000002899e+01
9.930500000000003524e+01
9.924000000000002331e+01
9.926999999999999602e+01
9.923500000000012733e+01
9.920500000000014040e+01
9.916500000000004889e+01
9.915000000000000568e+01
9.910000000000005116e+01
9.920000000000004547e+01
9.922500000000009379e+01
9.919000000000009720e+01
9.918500000000008754e+01
9.917000000000008697e+01
9.920000000000005969e+01
9.913500000000010459e+01
9.920000000000011653e+01
9.921000000000012164e+01
9.915000000000006253e+01
9.915500000000008640e+01
9.920500000000006935e+01
9.917500000000009663e+01
9.919000000000005457e+01
9.912500000000005684e+01
9.909500000000008413e+01
9.911500000000005173e+01
9.903500000000001080e+01
9.908500000000007901e+01
9.912000000000006139e+01
9.914500000000009550e+01
9.915000000000004832e+01
9.914499999999998181e+01
9.923000000000001819e+01
9.924500000000008981e+01
9.917000000000011539e+01
9.915500000000007219e+01
9.917000000000005855e+01
9.917000000000001592e+01
9.914500000000002444e+01
9.915000000000003411e+01
9.911500000000003752e+01
9.912500000000004263e+01
9.910500000000006082e+01
9.909000000000010289e+01
9.909500000000008413e+01
9.910500000000007503e+01
9.905000000000005400e+01
9.914500000000001023e+01
9.918999999999996930e+01
9.910999999999999943e+01
9.911999999999999034e+01
9.905500000000012051e+01
9.910500000000010346e+01
