4.450000000000002842e-01
7.650000000000004574e-01
1.069999999999999840e+00
1.369999999999997886e+00
1.639999999999998126e+00
1.859999999999997433e+00
2.114999999999995772e+00
2.319999999999994955e+00
2.509999999999995790e+00
2.769999999999997797e+00
2.974999999999998312e+00
3.219999999999998863e+00
3.394999999999999130e+00
3.604999999999999538e+00
3.854999999999996874e+00
4.099999999999995204e+00
4.339999999999994529e+00
4.594999999999994422e+00
4.824999999999995737e+00
5.004999999999998117e+00
5.220000000000001528e+00
5.415000000000004476e+00
5.665000000000003588e+00
5.955000000000005400e+00
6.230000000000008420e+00
6.390000000000007674e+00
6.680000000000007709e+00
6.955000000000006288e+00
7.120000000000008100e+00
7.350000000000004974e+00
7.600000000000002309e+00
7.830000000000000071e+00
8.089999999999998082e+00
8.219999999999997087e+00
8.459999999999993747e+00
8.709999999999991971e+00
8.964999999999989200e+00
9.149999999999995026e+00
9.419999999999987494e+00
9.744999999999985008e+00
1.001999999999998892e+01
1.016999999999999105e+01
1.036499999999999133e+01
1.054999999999999183e+01
1.079499999999999638e+01
1.110999999999999766e+01
1.129999999999999183e+01
1.153999999999999559e+01
1.171999999999999353e+01
1.191499999999999737e+01
1.208499999999999730e+01
1.235999999999999588e+01
1.258499999999999730e+01
1.281499999999999773e+01
1.306999999999999851e+01
1.336999999999999922e+01
1.359999999999999609e+01
1.377500000000000036e+01
1.406000000000000760e+01
1.426500000000001123e+01
1.445000000000000462e+01
1.474000000000000554e+01
1.494000000000001016e+01
1.510500000000001286e+01
1.536000000000001364e+01
1.558000000000001073e+01
1.579000000000001336e+01
1.600500000000001322e+01
1.622000000000000952e+01
1.650000000000001421e+01
1.679000000000002046e+01
1.698500000000002075e+01
1.718500000000002359e+01
1.735000000000001563e+01
1.762000000000001165e+01
1.780000000000001847e+01
1.800500000000001677e+01
1.821000000000001506e+01
1.839500000000001378e+01
1.866000000000001791e+01
1.894000000000001904e+01
1.926000000000001933e+01
1.953000000000001890e+01
1.977000000000001378e+01
1.999000000000000199e+01
2.023000000000000043e+01
2.043000000000000327e+01
2.066000000000000725e+01
2.087500000000000000e+01
2.114999999999999503e+01
2.140999999999999659e+01
2.159499999999999886e+01
2.178500000000001080e+01
2.199000000000000909e+01
2.225999999999999801e+01
2.247499999999999787e+01
2.273499999999999943e+01
2.295999999999998664e+01
2.311499999999998423e+01
2.330999999999998806e+01
2.347999999999998266e+01
2.366999999999998039e+01
2.389999999999999503e+01
2.410499999999999332e+01
2.436999999999999034e+01
2.457500000000000639e+01
2.481500000000000128e+01
2.503499999999999659e+01
2.529000000000000270e+01
2.561000000000000654e+01
2.583500000000000796e+01
2.605000000000000782e+01
2.629500000000000526e+01
2.653500000000001080e+01
2.674500000000000099e+01
2.702500000000000568e+01
2.723999999999999844e+01
2.747499999999999787e+01
2.765500000000001535e+01
2.789000000000001478e+01
2.808000000000000895e+01
2.834499999999998820e+01
2.853499999999997883e+01
2.879499999999999105e+01
2.899499999999999389e+01
2.926999999999999602e+01
2.947499999999999787e+01
2.969499999999999673e+01
2.995999999999999730e+01
3.015999999999999304e+01
3.037999999999998835e+01
3.057999999999999119e+01
3.078999999999999204e+01
3.102999999999999403e+01
3.127999999999999048e+01
3.144499999999999673e+01
3.167000000000000526e+01
3.188000000000000611e+01
3.205999999999999517e+01
3.233500000000000085e+01
3.258500000000001506e+01
3.287500000000000000e+01
3.309000000000000341e+01
3.335500000000001819e+01
3.353000000000002956e+01
3.371500000000003183e+01
3.388500000000004064e+01
3.413000000000003809e+01
3.436500000000000909e+01
3.465000000000001279e+01
3.490000000000001279e+01
3.510500000000001108e+01
3.532999999999999829e+01
3.553000000000001535e+01
3.582500000000000995e+01
3.604500000000001592e+01
3.624500000000000455e+01
3.653500000000001791e+01
3.673500000000002075e+01
3.696500000000001052e+01
3.715000000000001990e+01
3.731000000000003070e+01
3.754500000000001592e+01
3.776000000000001222e+01
3.801000000000000512e+01
3.818500000000001648e+01
3.840500000000002245e+01
3.867000000000001592e+01
3.896500000000000341e+01
3.917500000000001847e+01
3.936000000000000654e+01
3.959500000000001307e+01
3.987000000000000455e+01
4.010499999999998266e+01
4.032499999999998863e+01
4.053499999999999659e+01
4.074500000000000455e+01
4.102000000000001023e+01
4.125500000000001677e+01
4.149500000000001876e+01
4.168500000000000938e+01
4.189000000000001478e+01
4.214500000000003155e+01
4.237000000000002586e+01
4.261500000000008015e+01
4.286500000000006594e+01
4.312000000000005429e+01
4.335500000000006082e+01
4.354000000000004178e+01
4.374500000000002586e+01
4.400500000000005230e+01
4.421000000000002927e+01
4.438000000000004519e+01
4.464500000000001023e+01
4.479500000000000171e+01
4.499499999999996191e+01
4.522999999999998266e+01
4.551499999999997215e+01
4.575499999999996703e+01
4.597999999999996845e+01
4.623499999999996390e+01
4.645499999999995566e+01
4.666999999999998749e+01
4.687999999999997414e+01
4.708999999999996078e+01
4.735999999999996390e+01
4.758999999999996078e+01
4.784999999999995879e+01
4.809499999999997755e+01
4.828499999999998238e+01
4.856499999999996220e+01
4.874499999999998323e+01
4.896499999999996078e+01
4.916999999999998039e+01
4.940500000000001535e+01
4.963000000000001677e+01
4.981000000000000227e+01
5.007499999999999574e+01
5.032499999999998863e+01
5.050000000000001421e+01
5.069500000000002160e+01
5.091000000000002501e+01
5.114500000000004576e+01
5.141000000000003212e+01
5.162500000000004263e+01
5.185500000000004661e+01
5.206500000000005457e+01
5.229500000000002302e+01
5.256500000000004746e+01
5.275000000000003553e+01
5.295500000000003382e+01
5.319500000000004292e+01
5.340500000000004377e+01
5.361500000000002331e+01
5.383999999999999631e+01
5.407500000000001705e+01
5.430000000000001847e+01
5.452500000000003411e+01
5.472500000000000853e+01
5.496500000000000341e+01
5.517999999999999261e+01
5.544499999999994344e+01
5.563499999999992696e+01
5.582999999999994145e+01
5.607499999999996021e+01
5.632999999999996277e+01
5.650499999999995993e+01
5.675999999999994117e+01
5.698499999999994259e+01
5.717999999999992866e+01
5.743499999999993122e+01
5.763499999999995538e+01
5.785499999999996845e+01
5.803999999999997073e+01
5.826500000000000767e+01
5.849999999999999289e+01
5.876499999999997215e+01
5.901999999999996760e+01
5.916999999999997328e+01
5.936999999999998323e+01
5.961999999999996191e+01
5.984999999999995168e+01
6.003499999999996817e+01
6.027499999999996305e+01
6.043499999999994543e+01
6.061999999999996191e+01
6.083999999999998920e+01
6.104999999999999005e+01
6.128999999999997073e+01
6.152499999999998437e+01
6.179000000000001336e+01
6.205999999999999517e+01
6.227000000000001734e+01
6.250000000000000711e+01
6.279000000000003467e+01
6.298000000000003951e+01
6.321000000000001506e+01
6.335999999999998522e+01
6.361499999999999488e+01
6.386500000000000199e+01
6.405000000000002558e+01
6.431500000000005457e+01
6.455000000000002558e+01
6.477500000000001990e+01
6.500000000000001421e+01
6.519000000000002615e+01
6.546000000000002217e+01
6.563500000000003354e+01
6.581500000000002615e+01
6.603000000000004377e+01
6.624500000000006139e+01
6.647500000000003695e+01
6.669000000000002615e+01
6.684500000000001307e+01
6.706500000000005457e+01
6.729000000000006310e+01
6.759500000000002728e+01
6.784500000000001307e+01
6.808500000000002217e+01
6.829500000000003013e+01
6.850000000000000000e+01
6.866000000000001080e+01
6.888499999999999091e+01
6.916999999999994486e+01
6.936999999999994770e+01
6.957999999999996987e+01
6.981499999999994088e+01
7.003499999999998238e+01
7.029499999999998749e+01
7.045999999999995111e+01
7.060499999999997556e+01
7.078999999999996362e+01
7.101499999999992951e+01
7.129499999999995907e+01
7.152499999999993463e+01
7.186499999999996646e+01
7.207499999999997442e+01
7.230499999999994998e+01
7.255500000000000682e+01
7.271999999999995623e+01
7.290999999999992554e+01
7.314999999999993463e+01
7.333499999999993690e+01
7.351999999999993918e+01
7.375999999999990564e+01
7.401999999999991076e+01
7.420499999999989882e+01
7.440999999999995396e+01
7.465000000000000568e+01
7.486500000000002331e+01
7.508000000000004093e+01
7.537000000000000455e+01
7.557500000000000284e+01
7.584000000000001762e+01
7.608500000000000796e+01
7.632999999999999829e+01
7.657000000000003581e+01
7.681500000000001194e+01
7.706000000000001648e+01
7.730000000000003979e+01
7.747500000000003695e+01
7.767500000000003979e+01
7.787000000000004718e+01
7.800000000000004263e+01
7.825500000000005230e+01
7.853000000000004377e+01
7.878000000000005798e+01
7.907000000000006423e+01
7.926000000000004775e+01
7.950000000000004263e+01
7.969500000000006423e+01
7.989000000000004320e+01
8.017000000000004434e+01
8.036500000000006594e+01
8.059000000000004604e+01
8.075000000000005684e+01
8.100000000000002842e+01
8.116500000000002046e+01
8.142000000000003013e+01
8.164000000000004320e+01
8.184000000000006025e+01
8.199000000000006594e+01
8.227500000000009095e+01
8.249000000000005173e+01
8.270000000000005969e+01
8.295000000000010232e+01
8.320500000000008356e+01
8.344500000000005002e+01
8.369000000000004036e+01
8.393000000000003524e+01
8.417000000000007276e+01
8.438500000000004775e+01
8.455500000000007788e+01
8.475000000000007105e+01
8.503500000000005343e+01
8.530500000000006366e+01
8.554500000000004434e+01
8.578000000000002956e+01
8.601000000000004775e+01
8.622500000000005116e+01
8.641500000000009152e+01
8.663500000000010459e+01
8.685000000000006537e+01
8.709000000000004604e+01
8.735000000000002274e+01
8.760000000000002274e+01
8.783000000000001251e+01
8.803000000000001535e+01
8.823500000000001364e+01
8.842999999999999261e+01
8.861500000000002331e+01
8.883000000000002672e+01
8.905000000000003979e+01
8.929500000000003013e+01
8.957000000000009265e+01
8.978500000000008185e+01
9.006499999999999773e+01
9.027500000000000568e+01
9.048999999999999488e+01
9.073999999999998067e+01
9.095499999999995566e+01
9.114499999999992497e+01
9.131499999999991246e+01
9.152499999999994884e+01
9.178499999999991132e+01
9.198499999999992838e+01
9.212499999999994316e+01
9.237499999999992895e+01
9.261999999999994770e+01
9.283999999999996078e+01
9.307499999999997442e+01
9.334499999999995623e+01
9.349499999999996191e+01
9.369499999999995055e+01
9.391499999999997783e+01
9.416499999999994941e+01
9.435499999999993292e+01
9.452499999999992042e+01
9.474499999999989086e+01
9.498499999999992838e+01
9.514499999999995339e+01
9.531999999999992212e+01
9.541999999999988802e+01
9.557499999999986073e+01
9.576499999999985846e+01
9.595499999999984198e+01
9.606999999999985107e+01
9.628999999999986414e+01
9.644499999999990791e+01
9.663999999999995794e+01
9.674999999999997158e+01
9.695500000000002672e+01
9.708999999999997499e+01
9.726499999999995794e+01
9.738499999999994827e+01
9.750000000000001421e+01
9.763500000000006196e+01
9.771000000000002217e+01
9.779499999999998749e+01
9.791500000000000625e+01
9.804499999999995907e+01
9.814499999999992497e+01
9.818999999999994088e+01
9.827999999999995850e+01
9.836999999999994770e+01
9.849999999999998579e+01
9.854500000000000171e+01
9.864499999999999602e+01
9.867499999999996874e+01
9.873499999999999943e+01
9.879499999999997328e+01
9.883000000000001251e+01
9.885499999999998977e+01
9.891500000000007731e+01
9.897500000000005116e+01
9.896500000000007446e+01
9.893000000000006366e+01
9.894500000000006423e+01
9.899500000000006139e+01
9.898500000000008470e+01
9.901500000000010004e+01
9.904000000000007731e+01
9.906000000000007333e+01
9.909000000000007446e+01
9.903500000000005343e+01
9.902000000000003865e+01
9.905000000000003979e+01
9.905500000000006366e+01
9.902500000000007674e+01
9.904000000000007731e+01
9.907500000000005969e+01
9.909500000000006992e+01
9.911500000000006594e+01
9.916500000000003467e+01
9.913500000000001933e+01
9.913500000000007617e+01
9.912500000000004263e+01
9.911000000000005627e+01
9.908000000000004093e+01
9.914000000000007162e+01
9.914000000000005741e+01
9.905500000000003524e+01
9.912500000000004263e+01
9.912000000000003297e+01
9.913000000000003809e+01
9.912500000000002842e+01
9.912000000000003297e+01
9.909999999999999432e+01
9.912500000000004263e+01
9.915500000000005798e+01
9.915500000000010061e+01
9.919500000000003581e+01
9.918500000000004491e+01
9.922000000000002728e+01
9.921000000000002217e+01
9.915999999999999659e+01
9.921999999999999886e+01
9.923000000000001819e+01
9.920500000000005514e+01
9.919500000000005002e+01
