6.550000000000004707e-01
1.099999999999999867e+00
1.574999999999997957e+00
1.834999999999996856e+00
2.214999999999996749e+00
2.529999999999996696e+00
2.894999999999996909e+00
3.219999999999997531e+00
3.494999999999998774e+00
3.829999999999996518e+00
4.174999999999994493e+00
4.514999999999993463e+00
4.759999999999996234e+00
5.099999999999996980e+00
5.364999999999995772e+00
5.634999999999998899e+00
5.945000000000002061e+00
6.225000000000006750e+00
6.440000000000007496e+00
6.760000000000010445e+00
7.155000000000007354e+00
7.440000000000006608e+00
7.795000000000005258e+00
8.160000000000003695e+00
8.464999999999998082e+00
8.750000000000000000e+00
9.004999999999993676e+00
9.359999999999992326e+00
9.664999999999990266e+00
9.949999999999993960e+00
1.025499999999999723e+01
1.056499999999999595e+01
1.093999999999999417e+01
1.125999999999999268e+01
1.156499999999999417e+01
1.181999999999999496e+01
1.209999999999999964e+01
1.241999999999999815e+01
1.270999999999999730e+01
1.302500000000000746e+01
1.327500000000000568e+01
1.361000000000000831e+01
1.396000000000000796e+01
1.432500000000000462e+01
1.466999999999999815e+01
1.495500000000000007e+01
1.524500000000000632e+01
1.549000000000001620e+01
1.581000000000002004e+01
1.613500000000000867e+01
1.645000000000000284e+01
1.671500000000000341e+01
1.703499999999999304e+01
1.730000000000000426e+01
1.756500000000000838e+01
1.784000000000001407e+01
1.818000000000000327e+01
1.842500000000001137e+01
1.875000000000000711e+01
1.904500000000001236e+01
1.933000000000000895e+01
1.963499999999999801e+01
1.990000000000000213e+01
2.019000000000000483e+01
2.052500000000000213e+01
2.083999999999999986e+01
2.110000000000000497e+01
2.140500000000000469e+01
2.170499999999999474e+01
2.199000000000000199e+01
2.227999999999999403e+01
2.258499999999999375e+01
2.291499999999998494e+01
2.318499999999997740e+01
2.354999999999998650e+01
2.380000000000000071e+01
2.401999999999999957e+01
2.430499999999999616e+01
2.460499999999999687e+01
2.492500000000000426e+01
2.523500000000001009e+01
2.553500000000000725e+01
2.587500000000000355e+01
2.618499999999999517e+01
2.643499999999999517e+01
2.666500000000000270e+01
2.692499999999999716e+01
2.727499999999999147e+01
2.757000000000000384e+01
2.787000000000001876e+01
2.817000000000001236e+01
2.845500000000001251e+01
2.875500000000001322e+01
2.909499999999999886e+01
2.936499999999999844e+01
2.964500000000000668e+01
2.998500000000001009e+01
3.033000000000001251e+01
3.067000000000002302e+01
3.099500000000001876e+01
3.128500000000002501e+01
3.161000000000002430e+01
3.191500000000004178e+01
3.219500000000003581e+01
3.244500000000002160e+01
3.275000000000001421e+01
3.302000000000001023e+01
3.337500000000002132e+01
3.374500000000001165e+01
3.402000000000001023e+01
3.422000000000000597e+01
3.450000000000001421e+01
3.479500000000000881e+01
3.511499999999999488e+01
3.543500000000000938e+01
3.564999999999999858e+01
3.596500000000000341e+01
3.633000000000000540e+01
3.660499999999998977e+01
3.699999999999999289e+01
3.730000000000001137e+01
3.764000000000002188e+01
3.787500000000002842e+01
3.818500000000003070e+01
3.858000000000002672e+01
3.884000000000002473e+01
3.912500000000002842e+01
3.938500000000004064e+01
3.969500000000002871e+01
4.000500000000002387e+01
4.032500000000004547e+01
4.061500000000003041e+01
4.087500000000001421e+01
4.123999999999998778e+01
4.159999999999999432e+01
4.194000000000000483e+01
4.215500000000000114e+01
4.244000000000001194e+01
4.269500000000000739e+01
4.295000000000003837e+01
4.324500000000003297e+01
4.353000000000003666e+01
4.386000000000002785e+01
4.417500000000004690e+01
4.444500000000002160e+01
4.470500000000000540e+01
4.501500000000001478e+01
4.537500000000002132e+01
4.570499999999998408e+01
4.599999999999995737e+01
4.627499999999999147e+01
4.661999999999997613e+01
4.689999999999996305e+01
4.718499999999997385e+01
4.743500000000000227e+01
4.771000000000000085e+01
4.800499999999998835e+01
4.834000000000000341e+01
4.866499999999999915e+01
4.889999999999998437e+01
4.920999999999997954e+01
4.946999999999999176e+01
4.987999999999999545e+01
5.016999999999999460e+01
5.044999999999999574e+01
5.071000000000004349e+01
5.099500000000002586e+01
5.132000000000002160e+01
5.163000000000003098e+01
5.195000000000003837e+01
5.216500000000002046e+01
5.249000000000001620e+01
5.283500000000002217e+01
5.317000000000000881e+01
5.346500000000001762e+01
5.376999999999998181e+01
5.406499999999998352e+01
5.435499999999999687e+01
5.464500000000001023e+01
5.500500000000002387e+01
5.522500000000002274e+01
5.544000000000001194e+01
5.572500000000001563e+01
5.604999999999999005e+01
5.628999999999997783e+01
5.656999999999996476e+01
5.695999999999997243e+01
5.718499999999999517e+01
5.741999999999998749e+01
5.774999999999997158e+01
5.807999999999995566e+01
5.838999999999996504e+01
5.869999999999998863e+01
5.900999999999998380e+01
5.933999999999998209e+01
5.959499999999999176e+01
5.984999999999995879e+01
6.014499999999997470e+01
6.046999999999998465e+01
6.074499999999995481e+01
6.105499999999994998e+01
6.133999999999996078e+01
6.161499999999995225e+01
6.190499999999997272e+01
6.219499999999995055e+01
6.254999999999996874e+01
6.285499999999997556e+01
6.316999999999999460e+01
6.349500000000001165e+01
6.376999999999998181e+01
6.406999999999997897e+01
6.438000000000000966e+01
6.462500000000004263e+01
6.496500000000004604e+01
6.527500000000006253e+01
6.564000000000004320e+01
6.590500000000001535e+01
6.619500000000002160e+01
6.646500000000003183e+01
6.685000000000002274e+01
6.711000000000001364e+01
6.737000000000001876e+01
6.766999999999998749e+01
6.796999999999998465e+01
6.830000000000001137e+01
6.860500000000006082e+01
6.887000000000003297e+01
6.911000000000001364e+01
6.937999999999999545e+01
6.977500000000003411e+01
7.006500000000001194e+01
7.026000000000001933e+01
7.061000000000001364e+01
7.092500000000001137e+01
7.126499999999998636e+01
7.153499999999996817e+01
7.175999999999997669e+01
7.214000000000000057e+01
7.244499999999999318e+01
7.272999999999998977e+01
7.297499999999998010e+01
7.327999999999998693e+01
7.356499999999999773e+01
7.386000000000001364e+01
7.422499999999999432e+01
7.453999999999997783e+01
7.484000000000001762e+01
7.514000000000001478e+01
7.544000000000001194e+01
7.571499999999998920e+01
7.596999999999999886e+01
7.625000000000000000e+01
7.655000000000003979e+01
7.686500000000005173e+01
7.714500000000005286e+01
7.743000000000002103e+01
7.770499999999999829e+01
7.804000000000000625e+01
7.831999999999999318e+01
7.860499999999998977e+01
7.884999999999996589e+01
7.915000000000001990e+01
7.947500000000002274e+01
7.979500000000004434e+01
8.001500000000001478e+01
8.029000000000002046e+01
8.059500000000005571e+01
8.096000000000006480e+01
8.129000000000003467e+01
8.161500000000003752e+01
8.187000000000006139e+01
8.213000000000005230e+01
8.248000000000008924e+01
8.281500000000006878e+01
8.320500000000008356e+01
8.350500000000005230e+01
8.374000000000005173e+01
8.400500000000003809e+01
8.428500000000003922e+01
8.453500000000003922e+01
8.483000000000001251e+01
8.511500000000003752e+01
8.546500000000000341e+01
8.585000000000003695e+01
8.613000000000002387e+01
8.638000000000005230e+01
8.665000000000004832e+01
8.697000000000011255e+01
8.729000000000009152e+01
8.753000000000004377e+01
8.787500000000002842e+01
8.814500000000003865e+01
8.850999999999996248e+01
8.882999999999995566e+01
8.915499999999990166e+01
8.942999999999992156e+01
8.975499999999996703e+01
9.005499999999993577e+01
9.034499999999995623e+01
9.066499999999996362e+01
9.094999999999996021e+01
9.122499999999995168e+01
9.145999999999989427e+01
9.176499999999992951e+01
9.199499999999991928e+01
9.232499999999990337e+01
9.262999999999993861e+01
9.286999999999994770e+01
9.317499999999995453e+01
9.348999999999993804e+01
9.376999999999993918e+01
9.398499999999992838e+01
9.428499999999992554e+01
9.453499999999995396e+01
9.471999999999994202e+01
9.496999999999995623e+01
9.516499999999993520e+01
9.536499999999996646e+01
9.554499999999995907e+01
9.572999999999994714e+01
9.589999999999992042e+01
9.609499999999991360e+01
9.630999999999993122e+01
9.653499999999993975e+01
9.675499999999999545e+01
9.694499999999996476e+01
9.715999999999996817e+01
9.729499999999997328e+01
9.748499999999999943e+01
9.763500000000003354e+01
9.775999999999999091e+01
9.781999999999997897e+01
9.784499999999998465e+01
9.796999999999997044e+01
9.805500000000002103e+01
9.812999999999998124e+01
9.821000000000000796e+01
9.828499999999998238e+01
9.842499999999998295e+01
9.850999999999999091e+01
9.859999999999999432e+01
9.862499999999997158e+01
9.862499999999994316e+01
9.868999999999994088e+01
9.873500000000001364e+01
9.878500000000001080e+01
9.883500000000002217e+01
9.891500000000003467e+01
9.895000000000001705e+01
9.896500000000000341e+01
9.892999999999999261e+01
9.901000000000003354e+01
9.900000000000002842e+01
9.908000000000006935e+01
9.912500000000009948e+01
9.912500000000004263e+01
9.910500000000004661e+01
9.909000000000003183e+01
9.912000000000003297e+01
9.910999999999999943e+01
9.912000000000000455e+01
9.914000000000000057e+01
9.916000000000001080e+01
9.915000000000001990e+01
9.915500000000000114e+01
9.915999999999999659e+01
9.919500000000000739e+01
9.917000000000003013e+01
9.918500000000003070e+01
9.923000000000006082e+01
9.918500000000007333e+01
9.920000000000005969e+01
9.920500000000005514e+01
9.915000000000004832e+01
9.915500000000001535e+01
9.916500000000003467e+01
9.911500000000008015e+01
9.905000000000006821e+01
9.905500000000007788e+01
9.907500000000011653e+01
9.912000000000010402e+01
9.909000000000004604e+01
9.908500000000010743e+01
9.908000000000004093e+01
9.906000000000001648e+01
9.904500000000001592e+01
9.911000000000005627e+01
9.909500000000005571e+01
9.910000000000003695e+01
9.911500000000006594e+01
9.915000000000007674e+01
9.909000000000007446e+01
9.918000000000009209e+01
9.914000000000004320e+01
9.911500000000002331e+01
9.911500000000003752e+01
9.911000000000007049e+01
9.914000000000005741e+01
9.912500000000011369e+01
9.913000000000010914e+01
9.921000000000005059e+01
9.915000000000007674e+01
9.910000000000003695e+01
9.911499999999999488e+01
9.921500000000000341e+01
9.917000000000001592e+01
9.917500000000003979e+01
9.915000000000000568e+01
9.915500000000001535e+01
9.915000000000006253e+01
9.920000000000005969e+01
9.918500000000007333e+01
9.919500000000007844e+01
9.911000000000007049e+01
9.911500000000010857e+01
9.919500000000006423e+01
9.917000000000008697e+01
9.921500000000010289e+01
9.922500000000015064e+01
9.918000000000010630e+01
9.915000000000004832e+01
9.914000000000001478e+01
9.910500000000003240e+01
9.913500000000004775e+01
9.910500000000006082e+01
9.910000000000007958e+01
9.907500000000008811e+01
9.906500000000002615e+01
9.911500000000002331e+01
9.910500000000006082e+01
9.906000000000004491e+01
9.908000000000005514e+01
9.908500000000000796e+01
9.910000000000003695e+01
9.910499999999998977e+01
9.908499999999996533e+01
9.905999999999998806e+01
9.911499999999999488e+01
9.913999999999997215e+01
9.912000000000000455e+01
9.912000000000003297e+01
9.914999999999999147e+01
9.917499999999998295e+01
9.918500000000000227e+01
9.915000000000000568e+01
9.915999999999998238e+01
9.916000000000003922e+01
9.919000000000005457e+01
9.925000000000005684e+01
9.922000000000006992e+01
9.918500000000007333e+01
9.921500000000007446e+01
9.918000000000009209e+01
9.917000000000004434e+01
9.916500000000003467e+01
9.918500000000008754e+01
9.914500000000005286e+01
9.916000000000006764e+01
9.910000000000009379e+01
9.914500000000010971e+01
9.914000000000008583e+01
9.911000000000004206e+01
9.913000000000005230e+01
9.910500000000003240e+01
9.911500000000006594e+01
9.912000000000004718e+01
9.918000000000000682e+01
9.919000000000011141e+01
9.925500000000008072e+01
9.929000000000006310e+01
9.922500000000007958e+01
9.924500000000008981e+01
9.917000000000011539e+01
9.913500000000009038e+01
9.912500000000007105e+01
9.907500000000004547e+01
9.908000000000004093e+01
9.904500000000004434e+01
9.913000000000002387e+01
9.914000000000002899e+01
9.915499999999998693e+01
9.912500000000004263e+01
9.912500000000011369e+01
9.915000000000007674e+01
9.911000000000012733e+01
9.913500000000013301e+01
9.913000000000009493e+01
9.912000000000006139e+01
9.915000000000003411e+01
9.917500000000005400e+01
9.913500000000006196e+01
9.916500000000007731e+01
9.918500000000008754e+01
9.922000000000009834e+01
9.921000000000005059e+01
9.921000000000005059e+01
9.915000000000003411e+01
9.917000000000005855e+01
9.922000000000012676e+01
9.921000000000013586e+01
