4.450000000000002842e-01
6.700000000000004841e-01
9.400000000000007239e-01
1.239999999999998881e+00
1.474999999999996980e+00
1.719999999999996199e+00
1.979999999999995763e+00
2.224999999999994760e+00
2.454999999999992522e+00
2.724999999999994316e+00
2.989999999999996660e+00
3.229999999999997762e+00
3.424999999999998046e+00
3.669999999999997708e+00
3.889999999999996128e+00
4.144999999999993356e+00
4.389999999999993463e+00
4.704999999999992966e+00
4.939999999999995950e+00
5.169999999999999041e+00
5.400000000000000355e+00
5.660000000000001918e+00
5.920000000000004370e+00
6.170000000000007923e+00
6.390000000000010338e+00
6.595000000000009521e+00
6.835000000000009734e+00
7.110000000000006537e+00
7.305000000000007709e+00
7.550000000000005151e+00
7.765000000000003233e+00
7.970000000000000639e+00
8.224999999999999645e+00
8.424999999999997158e+00
8.694999999999991402e+00
8.939999999999992397e+00
9.164999999999993818e+00
9.379999999999993676e+00
9.639999999999989910e+00
9.864999999999991331e+00
1.008499999999999375e+01
1.034499999999998820e+01
1.053999999999999737e+01
1.081499999999999773e+01
1.106999999999999318e+01
1.129999999999999538e+01
1.153499999999999481e+01
1.171999999999999709e+01
1.202000000000000135e+01
1.227500000000000924e+01
1.246500000000000341e+01
1.275000000000000711e+01
1.294500000000000739e+01
1.320000000000000817e+01
1.345000000000000817e+01
1.368500000000000405e+01
1.390999999999999659e+01
1.413999999999999879e+01
1.443000000000000149e+01
1.467999999999999794e+01
1.486999999999999922e+01
1.511000000000001009e+01
1.530500000000002103e+01
1.554500000000001947e+01
1.579500000000001592e+01
1.610000000000000853e+01
1.631000000000000227e+01
1.656500000000000483e+01
1.674500000000000455e+01
1.700500000000000966e+01
1.724000000000001265e+01
1.748000000000000753e+01
1.769499999999999673e+01
1.794999999999999929e+01
1.814000000000000412e+01
1.834000000000001052e+01
1.865000000000000924e+01
1.885500000000000753e+01
1.909000000000002117e+01
1.932000000000002515e+01
1.954500000000001947e+01
1.981000000000001648e+01
2.005000000000001847e+01
2.018500000000001293e+01
2.043500000000001293e+01
2.070500000000000895e+01
2.093000000000001037e+01
2.117500000000000426e+01
2.145500000000000185e+01
2.175500000000000611e+01
2.192500000000000071e+01
2.213499999999999446e+01
2.236999999999999389e+01
2.266499999999998138e+01
2.288499999999999446e+01
2.317000000000000171e+01
2.346499999999999631e+01
2.368499999999998806e+01
2.390499999999998693e+01
2.413499999999998380e+01
2.437999999999999545e+01
2.460499999999999687e+01
2.480999999999998806e+01
2.509499999999999886e+01
2.534500000000000242e+01
2.559500000000001307e+01
2.580000000000001137e+01
2.602500000000002700e+01
2.629500000000002657e+01
2.653000000000001890e+01
2.676500000000001123e+01
2.704500000000001947e+01
2.729000000000002046e+01
2.754500000000001236e+01
2.779500000000000881e+01
2.804000000000002402e+01
2.827000000000001378e+01
2.854500000000001592e+01
2.876500000000000412e+01
2.901999999999999247e+01
2.927000000000001023e+01
2.946500000000000696e+01
2.970500000000000185e+01
2.992999999999998906e+01
3.013000000000000256e+01
3.035500000000000398e+01
3.059999999999999787e+01
3.081500000000001194e+01
3.109500000000002018e+01
3.134000000000001052e+01
3.167000000000000171e+01
3.190500000000000469e+01
3.210500000000001108e+01
3.235500000000001108e+01
3.256000000000001648e+01
3.277500000000000568e+01
3.301500000000001478e+01
3.328000000000002245e+01
3.352500000000001279e+01
3.372500000000000853e+01
3.393000000000002103e+01
3.418500000000001648e+01
3.442000000000001592e+01
3.464500000000001023e+01
3.491500000000000625e+01
3.521000000000001506e+01
3.544000000000001904e+01
3.569000000000000483e+01
3.590500000000001535e+01
3.612000000000000455e+01
3.638500000000000512e+01
3.666000000000001791e+01
3.689000000000001478e+01
3.713000000000000966e+01
3.735000000000000142e+01
3.760499999999999687e+01
3.786500000000000909e+01
3.811000000000000654e+01
3.837500000000000000e+01
3.854500000000000881e+01
3.877000000000001023e+01
3.893999999999999062e+01
3.918999999999998352e+01
3.938999999999997215e+01
3.971999999999998465e+01
3.991499999999999915e+01
4.016000000000000369e+01
4.038500000000000512e+01
4.066000000000001791e+01
4.091999999999998749e+01
4.111499999999999488e+01
4.132999999999997698e+01
4.153999999999999204e+01
4.179500000000001592e+01
4.203000000000001535e+01
4.225000000000002132e+01
4.250000000000002842e+01
4.272000000000003439e+01
4.291000000000003922e+01
4.311000000000004917e+01
4.336000000000004917e+01
4.363500000000002643e+01
4.388500000000003354e+01
4.417500000000002558e+01
4.442500000000001137e+01
4.464000000000000057e+01
4.489999999999999147e+01
4.519499999999999318e+01
4.534499999999999886e+01
4.563499999999998380e+01
4.582499999999997442e+01
4.604999999999997584e+01
4.624999999999997868e+01
4.647499999999999432e+01
4.669999999999998863e+01
4.693499999999998806e+01
4.715999999999998948e+01
4.738499999999998380e+01
4.758499999999996533e+01
4.781999999999997186e+01
4.802999999999995140e+01
4.826499999999995083e+01
4.847999999999995424e+01
4.870499999999997698e+01
4.893499999999996675e+01
4.914499999999998181e+01
4.932499999999998153e+01
4.960999999999996390e+01
4.983999999999998920e+01
5.009000000000001762e+01
5.032500000000001705e+01
5.061000000000002075e+01
5.087500000000002842e+01
5.106000000000001648e+01
5.127500000000002700e+01
5.153500000000002501e+01
5.172500000000002274e+01
5.196000000000000085e+01
5.221499999999998920e+01
5.245999999999997954e+01
5.265000000000000568e+01
5.287000000000001876e+01
5.307000000000001450e+01
5.329000000000004178e+01
5.360500000000005372e+01
5.381000000000005201e+01
5.402500000000006963e+01
5.429500000000004434e+01
5.455000000000001847e+01
5.482500000000001705e+01
5.508499999999997954e+01
5.530999999999998096e+01
5.549999999999998579e+01
5.569999999999995310e+01
5.593999999999996930e+01
5.620499999999996987e+01
5.640499999999995140e+01
5.660999999999996390e+01
5.686999999999994060e+01
5.710499999999998266e+01
5.729999999999994031e+01
5.759499999999993491e+01
5.785499999999995424e+01
5.806999999999995765e+01
5.826999999999996760e+01
5.855999999999995254e+01
5.874999999999994316e+01
5.897999999999994714e+01
5.921999999999997044e+01
5.945499999999996987e+01
5.966999999999994486e+01
5.991999999999996618e+01
6.013999999999996504e+01
6.036999999999996191e+01
6.061999999999999744e+01
6.083499999999997243e+01
6.114999999999999147e+01
6.137500000000001421e+01
6.163999999999998636e+01
6.184000000000000341e+01
6.209000000000000341e+01
6.226500000000000057e+01
6.252999999999998693e+01
6.275500000000000966e+01
6.301499999999999346e+01
6.323999999999998778e+01
6.349499999999996902e+01
6.374499999999999744e+01
6.393499999999999517e+01
6.416500000000003467e+01
6.444000000000002615e+01
6.468500000000004491e+01
6.489500000000003865e+01
6.513000000000005230e+01
6.536000000000004206e+01
6.562000000000003297e+01
6.584500000000002728e+01
6.604000000000004889e+01
6.638000000000002387e+01
6.658500000000002217e+01
6.680000000000002558e+01
6.705000000000005400e+01
6.727000000000002444e+01
6.746999999999999886e+01
6.770499999999999829e+01
6.793500000000001648e+01
6.819000000000001194e+01
6.840500000000002956e+01
6.866500000000000625e+01
6.887500000000001421e+01
6.908500000000002217e+01
6.933000000000002672e+01
6.958999999999997499e+01
6.986999999999993349e+01
7.012499999999994316e+01
7.039999999999996305e+01
7.061999999999997613e+01
7.089999999999993463e+01
7.114999999999996305e+01
7.135499999999997556e+01
7.158999999999997499e+01
7.179999999999996874e+01
7.202499999999994884e+01
7.223499999999995680e+01
7.244499999999996476e+01
7.267999999999994998e+01
7.298499999999992838e+01
7.317499999999991189e+01
7.345499999999998408e+01
7.371500000000000341e+01
7.388500000000001933e+01
7.414000000000004320e+01
7.433500000000005059e+01
7.455499999999999261e+01
7.474500000000003297e+01
7.501500000000001478e+01
7.518999999999998352e+01
7.542000000000000171e+01
7.566999999999998749e+01
7.591999999999998749e+01
7.616499999999999204e+01
7.636000000000001364e+01
7.656499999999998352e+01
7.688000000000005230e+01
7.708000000000004093e+01
7.729000000000006310e+01
7.756000000000004491e+01
7.782000000000003581e+01
7.809000000000006025e+01
7.836000000000004206e+01
7.861500000000002331e+01
7.880000000000002558e+01
7.896500000000004604e+01
7.918000000000002103e+01
7.940000000000001990e+01
7.964500000000001023e+01
7.986499999999999488e+01
8.008000000000001251e+01
8.033000000000001251e+01
8.051500000000001478e+01
8.074500000000007560e+01
8.099500000000006139e+01
8.119500000000007844e+01
8.136500000000005173e+01
8.163000000000002387e+01
8.183000000000004093e+01
8.212000000000006139e+01
8.234500000000005571e+01
8.257500000000004547e+01
8.281500000000001194e+01
8.306000000000001648e+01
8.334999999999999432e+01
8.357000000000002160e+01
8.384000000000000341e+01
8.409000000000001762e+01
8.431500000000004036e+01
8.454500000000007276e+01
8.479500000000003013e+01
8.505500000000003524e+01
8.532000000000005002e+01
8.555500000000004945e+01
8.572500000000005116e+01
8.595000000000004547e+01
8.617000000000003013e+01
8.636499999999998067e+01
8.662499999999995737e+01
8.690500000000001535e+01
8.712000000000001876e+01
8.734500000000001307e+01
8.758500000000002217e+01
8.779500000000003013e+01
8.805000000000001137e+01
8.825499999999999545e+01
8.851999999999996760e+01
8.873500000000001364e+01
8.906999999999996476e+01
8.933499999999997954e+01
8.958499999999996533e+01
8.979499999999998749e+01
9.002999999999998693e+01
9.023499999999994259e+01
9.045999999999995111e+01
9.074499999999991928e+01
9.104499999999993065e+01
9.126499999999992951e+01
9.149499999999990507e+01
9.170499999999995566e+01
9.187999999999998124e+01
9.207999999999996987e+01
9.233499999999997954e+01
9.252999999999995850e+01
9.269499999999993634e+01
9.293499999999991701e+01
9.315999999999995396e+01
9.334999999999998010e+01
9.352499999999999147e+01
9.371999999999999886e+01
9.397499999999999432e+01
9.423499999999995680e+01
9.446499999999984709e+01
9.459999999999988063e+01
9.483499999999990848e+01
9.502999999999991587e+01
9.517499999999986926e+01
9.536999999999989086e+01
9.559499999999992781e+01
9.580499999999990735e+01
9.593499999999991701e+01
9.611999999999990507e+01
9.634999999999985221e+01
9.654499999999987381e+01
9.669499999999987949e+01
9.678999999999990678e+01
9.693999999999995509e+01
9.705999999999997385e+01
9.724999999999998579e+01
9.734499999999995623e+01
9.746499999999996078e+01
9.753499999999998238e+01
9.770499999999996987e+01
9.779999999999998295e+01
9.788999999999997215e+01
9.799000000000000909e+01
9.807999999999996987e+01
9.815499999999997272e+01
9.824000000000002331e+01
9.830500000000002103e+01
9.838500000000003354e+01
9.849500000000001876e+01
9.852000000000001023e+01
9.855999999999997385e+01
9.860500000000000398e+01
9.865500000000002956e+01
9.874000000000003752e+01
9.874500000000001876e+01
9.881500000000005457e+01
9.878500000000008185e+01
9.888000000000010914e+01
9.894000000000009720e+01
9.901000000000006196e+01
9.907000000000002160e+01
9.901500000000005741e+01
9.899500000000000455e+01
9.897000000000006992e+01
9.897500000000002274e+01
9.899500000000004718e+01
9.899000000000005173e+01
9.902500000000007674e+01
9.902500000000003411e+01
9.899500000000004718e+01
9.903500000000002501e+01
9.907000000000005002e+01
9.909000000000004604e+01
9.913500000000010459e+01
9.914000000000012847e+01
9.910500000000011767e+01
9.908500000000009322e+01
9.911500000000010857e+01
9.915500000000008640e+01
9.916000000000006764e+01
9.911500000000003752e+01
9.909500000000002728e+01
9.911000000000005627e+01
9.913000000000002387e+01
9.917500000000002558e+01
9.914000000000000057e+01
9.913000000000002387e+01
9.912500000000002842e+01
9.910500000000000398e+01
9.909000000000004604e+01
9.909000000000003183e+01
9.913000000000003809e+01
9.914500000000003865e+01
9.911500000000000909e+01
9.906499999999999773e+01
9.909000000000004604e+01
9.909000000000004604e+01
9.914500000000002444e+01
9.912000000000003297e+01
9.917000000000004434e+01
9.915500000000001535e+01
9.918000000000007788e+01
9.917500000000005400e+01
9.919000000000008299e+01
9.915000000000009095e+01
9.913500000000006196e+01
9.907999999999999829e+01
9.905000000000003979e+01
9.906500000000002615e+01
9.908500000000005059e+01
9.908500000000002217e+01
9.909500000000001307e+01
9.910999999999999943e+01
9.913500000000004775e+01
9.911500000000003752e+01
9.913000000000002387e+01
9.914500000000003865e+01
9.915500000000008640e+01
9.917500000000006821e+01
9.915500000000000114e+01
9.916500000000002046e+01
9.912499999999998579e+01
9.915500000000001535e+01
9.917000000000007276e+01
9.917500000000002558e+01
9.913000000000008072e+01
9.913000000000005230e+01
9.914000000000005741e+01
9.915499999999998693e+01
9.908500000000003638e+01
9.908000000000004093e+01
9.908500000000006480e+01
9.911000000000007049e+01
9.910500000000006082e+01
9.914500000000005286e+01
9.914000000000007162e+01
9.913000000000005230e+01
9.913000000000005230e+01
9.916000000000003922e+01
9.920000000000007390e+01
9.920000000000008811e+01
9.919000000000008299e+01
9.920000000000007390e+01
9.917500000000009663e+01
9.918500000000010175e+01
9.917500000000008242e+01
9.919500000000009265e+01
9.923500000000009891e+01
9.922000000000011255e+01
9.919500000000012108e+01
9.912000000000008981e+01
9.914000000000007162e+01
9.911500000000008015e+01
9.914500000000008129e+01
9.912000000000010402e+01
9.911000000000008470e+01
9.910000000000003695e+01
9.911000000000001364e+01
9.909000000000000341e+01
9.908999999999998920e+01
9.910999999999999943e+01
9.912500000000004263e+01
9.913500000000001933e+01
9.918500000000005912e+01
9.918500000000011596e+01
9.922000000000012676e+01
9.920500000000009777e+01
9.923500000000011312e+01
9.927000000000008129e+01
9.927500000000009095e+01
9.921500000000006025e+01
9.920000000000000284e+01
9.919499999999997897e+01
9.917999999999997840e+01
9.922499999999999432e+01
9.921999999999997044e+01
9.916500000000000625e+01
9.917500000000002558e+01
9.913999999999995794e+01
9.912000000000000455e+01
9.914000000000001478e+01
9.914499999999998181e+01
9.914000000000000057e+01
9.909499999999999886e+01
9.914000000000001478e+01
9.914000000000000057e+01
9.917000000000003013e+01
9.920000000000005969e+01
9.918000000000007788e+01
9.917000000000004434e+01
9.910500000000004661e+01
9.914500000000006708e+01
9.915000000000006253e+01
9.918000000000004945e+01
9.916500000000010573e+01
9.915500000000005798e+01
9.912000000000004718e+01
9.907000000000007844e+01
9.907500000000007390e+01
9.912000000000008981e+01
9.914000000000012847e+01
9.916500000000010573e+01
9.917500000000006821e+01
9.920000000000008811e+01
9.923000000000014609e+01
9.925000000000015632e+01
9.923500000000014154e+01
9.918000000000007788e+01
9.918500000000004491e+01
9.917000000000008697e+01
9.915000000000003411e+01
9.913500000000003354e+01
9.909999999999999432e+01
9.909000000000003183e+01
9.907500000000003126e+01
9.905500000000009209e+01
9.905000000000005400e+01
9.905500000000006366e+01
9.908000000000004093e+01
9.910000000000007958e+01
9.912500000000009948e+01
9.914500000000010971e+01
9.915500000000008640e+01
9.910500000000004661e+01
9.903500000000003922e+01
9.905000000000006821e+01
9.907500000000005969e+01
9.910500000000003240e+01
9.914000000000004320e+01
9.915500000000005798e+01
9.915000000000007674e+01
9.918500000000005912e+01
9.919000000000005457e+01
9.914000000000008583e+01
9.915500000000011482e+01
9.915500000000010061e+01
9.914000000000011426e+01
9.911000000000012733e+01
9.911500000000013699e+01
9.910000000000009379e+01
9.913500000000009038e+01
9.917500000000005400e+01
9.915000000000006253e+01
9.912500000000001421e+01
9.911000000000002785e+01
9.915000000000001990e+01
9.915000000000000568e+01
9.914000000000000057e+01
9.912999999999998124e+01
9.913000000000002387e+01
9.913500000000006196e+01
9.918000000000000682e+01
9.920500000000004093e+01
9.918000000000007788e+01
9.920500000000005514e+01
9.916500000000004889e+01
9.919000000000005457e+01
9.917000000000004434e+01
9.917500000000006821e+01
9.917000000000004434e+01
9.918999999999999773e+01
9.925000000000001421e+01
9.924500000000001876e+01
9.922000000000004150e+01
9.917500000000002558e+01
9.917500000000002558e+01
9.917000000000007276e+01
9.911500000000006594e+01
9.917500000000006821e+01
9.909500000000006992e+01
9.915000000000003411e+01
9.914500000000002444e+01
9.914500000000003865e+01
9.912000000000006139e+01
9.909000000000008868e+01
9.905000000000008242e+01
9.901500000000007162e+01
9.904000000000007731e+01
9.907500000000010232e+01
9.914000000000010004e+01
9.918000000000009209e+01
9.915000000000009095e+01
9.919000000000006878e+01
9.917000000000010118e+01
9.918000000000009209e+01
9.919500000000010687e+01
9.919500000000005002e+01
9.917500000000005400e+01
9.921999999999999886e+01
9.920000000000007390e+01
9.915000000000003411e+01
9.918500000000003070e+01
9.919000000000005457e+01
9.919000000000006878e+01
9.917500000000006821e+01
9.915000000000006253e+01
9.915000000000009095e+01
9.909500000000005571e+01
9.911000000000008470e+01
9.918000000000004945e+01
9.916000000000005343e+01
9.917500000000002558e+01
9.912000000000001876e+01
9.914000000000002899e+01
9.920000000000008811e+01
9.920000000000010232e+01
9.920000000000013074e+01
9.923500000000012733e+01
9.924000000000009436e+01
9.920000000000010232e+01
9.916000000000008185e+01
9.921000000000013586e+01
9.919500000000012108e+01
9.917500000000009663e+01
9.916500000000003467e+01
9.917000000000008697e+01
9.917500000000009663e+01
9.918500000000004491e+01
9.917500000000003979e+01
9.921000000000000796e+01
9.919000000000004036e+01
9.916500000000002046e+01
9.919000000000004036e+01
9.918500000000005912e+01
9.915000000000001990e+01
9.915000000000001990e+01
9.915500000000004377e+01
9.917500000000005400e+01
9.916000000000008185e+01
9.916500000000004889e+01
9.916000000000008185e+01
9.916000000000008185e+01
9.912500000000005684e+01
9.910500000000007503e+01
9.911500000000009436e+01
9.920500000000011198e+01
9.912500000000008527e+01
9.911500000000008015e+01
9.915500000000007219e+01
9.910500000000004661e+01
9.914500000000005286e+01
9.914000000000004320e+01
9.916500000000007731e+01
9.916500000000006310e+01
9.917500000000003979e+01
9.916500000000007731e+01
9.914000000000005741e+01
9.919000000000002615e+01
9.916000000000006764e+01
9.913000000000003809e+01
9.908500000000003638e+01
9.910500000000004661e+01
9.917500000000006821e+01
9.915000000000006253e+01
9.914500000000005286e+01
9.915500000000007219e+01
9.916000000000003922e+01
9.913500000000000512e+01
9.917000000000004434e+01
9.917500000000003979e+01
9.914000000000005741e+01
9.914500000000005286e+01
9.911000000000007049e+01
9.912000000000001876e+01
9.906500000000001194e+01
9.911500000000000909e+01
9.913000000000003809e+01
9.906500000000002615e+01
9.911000000000004206e+01
9.905500000000000682e+01
