4.650000000000003020e-01
7.700000000000005729e-01
1.104999999999999094e+00
1.279999999999998028e+00
1.464999999999997193e+00
1.624999999999997335e+00
1.759999999999996678e+00
1.974999999999996092e+00
2.134999999999995346e+00
2.299999999999994493e+00
2.434999999999995612e+00
2.604999999999995097e+00
2.839999999999995861e+00
2.999999999999996447e+00
3.139999999999997460e+00
3.269999999999997353e+00
3.434999999999997389e+00
3.619999999999997442e+00
3.804999999999996163e+00
3.984999999999996323e+00
4.129999999999994564e+00
4.299999999999992717e+00
4.499999999999992006e+00
4.679999999999994387e+00
4.854999999999993321e+00
5.019999999999998685e+00
5.184999999999999609e+00
5.400000000000000355e+00
5.615000000000001101e+00
5.845000000000002416e+00
6.080000000000002736e+00
6.215000000000003411e+00
6.335000000000005294e+00
6.505000000000006111e+00
6.660000000000005471e+00
6.855000000000008420e+00
7.060000000000007603e+00
7.255000000000006999e+00
7.385000000000005116e+00
7.550000000000004263e+00
7.750000000000002665e+00
7.880000000000000782e+00
8.075000000000001066e+00
8.294999999999999929e+00
8.479999999999995097e+00
8.649999999999991473e+00
8.809999999999988063e+00
8.939999999999987068e+00
9.124999999999982236e+00
9.264999999999982805e+00
9.449999999999983302e+00
9.684999999999982734e+00
9.859999999999981668e+00
1.003499999999998238e+01
1.021499999999998920e+01
1.030999999999998984e+01
1.046499999999998920e+01
1.062499999999998934e+01
1.083499999999999019e+01
1.099999999999999112e+01
1.120999999999998842e+01
1.138999999999999346e+01
1.153499999999999481e+01
1.168999999999999773e+01
1.187499999999999645e+01
1.208999999999999275e+01
1.226999999999999780e+01
1.247999999999999332e+01
1.266999999999999460e+01
1.281499999999999595e+01
1.295499999999999652e+01
1.311999999999999744e+01
1.324000000000000021e+01
1.344000000000000128e+01
1.364000000000000057e+01
1.380500000000000327e+01
1.398000000000000220e+01
1.418000000000000860e+01
1.435000000000001386e+01
1.451500000000001123e+01
1.471500000000001407e+01
1.489000000000001478e+01
1.506500000000000306e+01
1.527000000000000668e+01
1.546000000000000441e+01
1.562500000000000711e+01
1.576000000000001222e+01
1.593500000000000405e+01
1.615500000000000824e+01
1.636500000000000554e+01
1.655499999999999972e+01
1.671499999999999986e+01
1.691999999999999815e+01
1.706500000000000483e+01
1.724500000000001165e+01
1.744500000000000384e+01
1.764999999999999858e+01
1.788500000000000512e+01
1.806000000000000938e+01
1.817500000000001492e+01
1.837500000000001066e+01
1.861500000000001265e+01
1.879500000000000526e+01
1.892000000000000526e+01
1.914999999999999858e+01
1.932000000000001094e+01
1.947500000000001208e+01
1.970000000000000639e+01
1.988500000000000867e+01
2.004000000000000625e+01
2.023000000000000043e+01
2.038500000000000867e+01
2.054499999999999105e+01
2.069500000000000384e+01
2.087000000000000099e+01
2.100999999999999446e+01
2.121999999999998820e+01
2.140499999999999048e+01
2.157999999999999474e+01
2.173499999999998522e+01
2.188999999999998636e+01
2.200999999999998025e+01
2.218999999999998707e+01
2.239499999999999247e+01
2.261999999999997968e+01
2.282999999999998764e+01
2.301999999999998536e+01
2.320999999999998309e+01
2.334999999999999076e+01
2.351499999999998280e+01
2.364499999999998892e+01
2.382499999999999574e+01
2.400999999999999801e+01
2.418499999999999517e+01
2.438999999999999346e+01
2.451999999999999247e+01
2.471000000000000085e+01
2.482999999999999474e+01
2.503499999999998948e+01
2.519999999999999218e+01
2.537500000000000000e+01
2.555000000000000782e+01
2.570500000000001251e+01
2.582000000000001450e+01
2.606500000000001194e+01
2.629000000000001691e+01
2.647000000000002373e+01
2.663500000000001577e+01
2.675500000000001677e+01
2.692500000000002203e+01
2.713000000000000966e+01
2.734500000000000597e+01
2.752000000000001023e+01
2.770500000000001961e+01
2.783000000000001961e+01
2.807000000000001094e+01
2.825499999999999901e+01
2.838000000000000966e+01
2.854000000000000270e+01
2.870499999999999829e+01
2.890999999999999659e+01
2.907499999999999218e+01
2.925999999999998380e+01
2.946499999999999631e+01
2.960499999999999687e+01
2.970499999999999829e+01
2.987500000000000000e+01
3.003499999999999304e+01
3.023999999999999844e+01
3.046499999999999986e+01
3.063499999999999801e+01
3.077000000000001023e+01
3.091500000000000981e+01
3.109000000000001052e+01
3.127000000000000313e+01
3.144000000000001194e+01
3.163000000000000966e+01
3.174000000000000554e+01
3.189499999999999957e+01
3.212499999999999289e+01
3.230499999999999972e+01
3.246000000000000085e+01
3.265500000000000114e+01
3.283000000000001251e+01
3.297000000000000597e+01
3.314500000000001023e+01
3.339000000000000057e+01
3.359499999999999886e+01
3.377500000000000568e+01
3.399000000000000909e+01
3.420500000000001961e+01
3.434000000000002473e+01
3.452000000000001734e+01
3.471500000000000341e+01
3.489500000000000313e+01
3.507500000000002416e+01
3.526500000000000057e+01
3.542500000000001137e+01
3.562500000000000711e+01
3.581500000000001904e+01
3.601500000000002188e+01
3.617000000000001592e+01
3.631000000000001648e+01
3.649000000000001620e+01
3.670500000000001251e+01
3.687000000000001876e+01
3.705500000000000682e+01
3.723999999999998778e+01
3.738000000000000256e+01
3.753000000000000114e+01
3.773500000000000654e+01
3.788000000000002387e+01
3.804000000000001336e+01
3.819500000000001450e+01
3.844500000000002160e+01
3.861500000000000909e+01
3.874499999999999034e+01
3.891499999999998494e+01
3.907999999999998408e+01
3.926999999999999602e+01
3.946999999999997044e+01
3.964499999999997470e+01
3.983999999999998209e+01
4.000499999999998124e+01
4.021000000000000085e+01
4.038999999999999346e+01
4.054999999999999716e+01
4.069500000000000739e+01
4.082999999999999829e+01
4.098500000000001364e+01
4.114000000000000767e+01
4.130499999999999261e+01
4.150000000000000000e+01
4.170500000000000540e+01
4.189000000000002899e+01
4.206000000000002359e+01
4.224500000000001876e+01
4.243000000000002103e+01
4.262500000000002132e+01
4.279500000000001592e+01
4.300500000000001677e+01
4.313500000000001222e+01
4.330500000000001393e+01
4.347000000000000597e+01
4.366000000000001080e+01
4.390000000000001990e+01
4.409500000000002728e+01
4.426500000000001478e+01
4.440000000000001990e+01
4.458500000000002217e+01
4.471500000000000341e+01
4.490499999999998693e+01
4.511999999999996902e+01
4.526999999999997470e+01
4.546499999999996788e+01
4.567999999999994998e+01
4.584999999999995168e+01
4.603499999999995396e+01
4.620499999999995566e+01
4.637499999999997158e+01
4.654499999999998039e+01
4.674999999999998579e+01
4.694499999999998607e+01
4.711499999999998067e+01
4.725499999999995993e+01
4.738499999999996248e+01
4.756999999999995765e+01
4.771999999999993491e+01
4.792499999999994742e+01
4.816999999999996618e+01
4.835999999999996390e+01
4.854499999999995907e+01
4.875499999999996703e+01
4.894499999999997897e+01
4.907999999999999829e+01
4.921999999999999176e+01
4.935499999999998977e+01
4.950999999999998380e+01
4.966500000000000625e+01
4.982500000000000995e+01
4.996000000000001506e+01
5.014500000000001734e+01
5.034500000000002728e+01
5.049000000000003752e+01
5.064999999999999858e+01
5.085999999999999233e+01
5.105499999999999972e+01
5.123500000000002785e+01
5.141000000000003212e+01
5.154000000000002757e+01
5.171000000000005059e+01
5.191500000000002046e+01
5.209500000000003439e+01
5.224500000000003297e+01
5.238000000000003809e+01
5.254000000000006310e+01
5.277000000000003865e+01
5.296000000000003638e+01
5.313500000000003354e+01
5.331500000000004746e+01
5.348500000000004206e+01
5.363500000000006196e+01
5.380000000000004690e+01
5.393000000000004235e+01
5.415000000000002700e+01
5.431500000000002615e+01
5.445500000000001961e+01
5.463000000000002387e+01
5.476500000000002188e+01
5.492000000000002302e+01
5.507500000000000284e+01
5.527499999999997726e+01
5.543999999999999773e+01
5.562500000000000711e+01
5.581499999999997641e+01
5.599499999999999034e+01
5.618500000000000227e+01
5.639500000000001023e+01
5.659499999999997755e+01
5.674999999999997868e+01
5.693499999999996675e+01
5.701999999999997470e+01
5.719499999999997186e+01
5.738499999999994827e+01
5.759499999999994913e+01
5.778999999999993520e+01
5.798999999999993804e+01
5.814499999999994628e+01
5.839999999999994884e+01
5.857999999999995566e+01
5.879999999999995453e+01
5.892499999999995453e+01
5.909499999999997044e+01
5.925499999999995993e+01
5.937499999999995737e+01
5.957499999999994600e+01
5.974999999999993605e+01
5.992999999999994998e+01
6.011999999999997613e+01
6.028999999999997073e+01
6.047499999999998721e+01
6.071499999999998209e+01
6.088999999999997215e+01
6.106999999999995765e+01
6.126999999999998181e+01
6.144999999999996732e+01
6.159499999999998465e+01
6.172499999999999432e+01
6.188999999999998636e+01
6.207999999999999119e+01
6.230499999999998550e+01
6.253999999999999915e+01
6.268999999999997641e+01
6.283999999999998209e+01
6.296999999999999176e+01
6.316500000000000625e+01
6.340500000000002956e+01
6.357000000000004292e+01
6.372500000000003695e+01
6.388000000000003809e+01
6.405000000000003979e+01
6.418500000000003070e+01
6.433000000000002672e+01
6.450000000000002842e+01
6.468000000000000682e+01
6.486500000000003752e+01
6.504000000000003467e+01
6.518500000000001648e+01
6.542500000000002558e+01
6.559500000000002728e+01
6.575500000000000966e+01
6.593000000000002103e+01
6.606000000000005912e+01
6.619500000000003581e+01
6.637000000000004718e+01
6.656000000000003070e+01
6.674500000000003297e+01
6.695000000000004547e+01
6.713000000000000966e+01
6.730999999999998806e+01
6.747500000000002274e+01
6.768000000000003524e+01
6.784000000000003183e+01
6.799000000000003752e+01
6.818500000000001648e+01
6.835000000000000853e+01
6.855000000000002558e+01
6.868500000000000227e+01
6.889500000000001023e+01
6.906499999999999773e+01
6.926999999999995339e+01
6.941999999999995907e+01
6.959499999999994202e+01
6.972999999999997556e+01
6.990999999999999659e+01
7.008499999999996533e+01
7.026999999999992497e+01
7.045999999999992269e+01
7.066999999999994486e+01
7.085999999999995680e+01
7.094999999999997442e+01
7.116999999999995907e+01
7.135999999999992838e+01
7.147499999999990905e+01
7.164499999999986812e+01
7.184499999999992781e+01
7.208999999999994657e+01
7.229499999999995907e+01
7.244999999999997442e+01
7.266499999999994941e+01
7.283999999999996078e+01
7.305999999999997385e+01
7.319999999999996021e+01
7.333999999999996078e+01
7.353999999999997783e+01
7.370999999999996533e+01
7.389499999999998181e+01
7.406999999999996476e+01
7.421999999999997044e+01
7.437999999999999545e+01
7.452500000000000568e+01
7.469000000000004036e+01
7.488000000000000966e+01
7.508000000000005514e+01
7.523000000000006082e+01
7.540000000000004832e+01
7.555500000000007788e+01
7.572500000000005116e+01
7.588000000000006651e+01
7.609000000000007446e+01
7.624000000000002331e+01
7.639000000000005741e+01
7.657500000000005969e+01
7.674000000000006594e+01
7.692000000000005855e+01
7.713500000000004775e+01
7.732000000000005002e+01
7.748500000000002785e+01
7.764500000000001023e+01
7.783500000000000796e+01
7.799000000000006594e+01
7.816000000000005343e+01
7.834500000000006992e+01
7.855000000000006821e+01
7.871500000000003183e+01
7.884000000000001762e+01
7.902500000000003411e+01
7.923499999999999943e+01
7.943000000000004945e+01
7.958500000000000796e+01
7.974500000000001876e+01
7.995500000000002672e+01
8.013000000000005230e+01
8.022000000000004150e+01
8.041000000000001080e+01
8.061499999999999488e+01
8.081499999999998352e+01
8.098000000000000398e+01
8.118500000000000227e+01
8.143500000000001648e+01
8.161500000000002331e+01
8.177000000000003865e+01
8.195999999999999375e+01
8.211500000000000909e+01
8.224999999999998579e+01
8.239500000000003865e+01
8.257500000000001705e+01
8.272499999999999432e+01
8.290000000000000568e+01
8.306000000000001648e+01
8.323000000000003240e+01
8.339500000000003865e+01
8.354500000000003013e+01
8.373000000000006082e+01
8.389500000000005286e+01
8.409500000000006992e+01
8.425500000000003809e+01
8.448000000000004661e+01
8.461500000000008015e+01
8.481500000000005457e+01
8.501000000000004775e+01
8.519000000000006878e+01
8.541000000000005343e+01
8.556500000000005457e+01
8.571500000000004604e+01
8.587500000000000000e+01
8.604000000000000625e+01
8.620000000000003126e+01
8.634500000000002728e+01
8.651999999999998181e+01
8.666000000000001080e+01
8.679999999999999716e+01
8.702500000000000568e+01
8.724000000000005173e+01
8.741500000000002046e+01
8.757499999999998863e+01
8.776499999999995794e+01
8.798499999999994259e+01
8.815999999999992554e+01
8.833499999999989427e+01
