3.450000000000001954e-01
5.900000000000004130e-01
8.650000000000006573e-01
1.099999999999998979e+00
1.289999999999997815e+00
1.499999999999997335e+00
1.719999999999996865e+00
1.909999999999996811e+00
2.089999999999995861e+00
2.329999999999994742e+00
2.559999999999996056e+00
2.809999999999995612e+00
3.054999999999996607e+00
3.254999999999997673e+00
3.389999999999998348e+00
3.579999999999999627e+00
3.784999999999999698e+00
4.024999999999997691e+00
4.219999999999997087e+00
4.489999999999998437e+00
4.694999999999998508e+00
4.919999999999998153e+00
5.129999999999997229e+00
5.364999999999999325e+00
5.595000000000005080e+00
5.870000000000005436e+00
6.060000000000005826e+00
6.255000000000007887e+00
6.430000000000007709e+00
6.655000000000009130e+00
6.930000000000012150e+00
7.080000000000012506e+00
7.270000000000012008e+00
7.425000000000010481e+00
7.685000000000007603e+00
7.830000000000006288e+00
8.025000000000003908e+00
8.210000000000000853e+00
8.424999999999997158e+00
8.604999999999993321e+00
8.789999999999992042e+00
9.039999999999983160e+00
9.304999999999985505e+00
9.529999999999986926e+00
9.709999999999990195e+00
9.909999999999991260e+00
1.010499999999999332e+01
1.038499999999999268e+01
1.062499999999999822e+01
1.081000000000000050e+01
1.104500000000000348e+01
1.124500000000000099e+01
1.146499999999999453e+01
1.162999999999999012e+01
1.181999999999998785e+01
1.197499999999999076e+01
1.219500000000000384e+01
1.242999999999999794e+01
1.267500000000000249e+01
1.290499999999999936e+01
1.304499999999999993e+01
1.329000000000000270e+01
1.353500000000000192e+01
1.375000000000000355e+01
1.397500000000000675e+01
1.414000000000000412e+01
1.435499999999999865e+01
1.460500000000000220e+01
1.479000000000000270e+01
1.499500000000000632e+01
1.517000000000001592e+01
1.533500000000001684e+01
1.553500000000001613e+01
1.582500000000001705e+01
1.606000000000001293e+01
1.625500000000001322e+01
1.648000000000001819e+01
1.666500000000001336e+01
1.685000000000001563e+01
1.702500000000000924e+01
1.723000000000000753e+01
1.745000000000000995e+01
1.764500000000001023e+01
1.783500000000001151e+01
1.806500000000001904e+01
1.826000000000000867e+01
1.847500000000001563e+01
1.866000000000001435e+01
1.886500000000000909e+01
1.910000000000000497e+01
1.927000000000000668e+01
1.943000000000000682e+01
1.962500000000001066e+01
1.984999999999999076e+01
2.003499999999998593e+01
2.022999999999999332e+01
2.040000000000000213e+01
2.060500000000000398e+01
2.084499999999999886e+01
2.108499999999999730e+01
2.132499999999999218e+01
2.150000000000000355e+01
2.168999999999999417e+01
2.186999999999999034e+01
2.203999999999999204e+01
2.226999999999998536e+01
2.251999999999997470e+01
2.272999999999997200e+01
2.294499999999997186e+01
2.311999999999996547e+01
2.335499999999997911e+01
2.352999999999997982e+01
2.375499999999997414e+01
2.393999999999996575e+01
2.414999999999996660e+01
2.435499999999997911e+01
2.455499999999998906e+01
2.474999999999998934e+01
2.496000000000000085e+01
2.514500000000000313e+01
2.539500000000001023e+01
2.566500000000001336e+01
2.588000000000002032e+01
2.605000000000001847e+01
2.623000000000001819e+01
2.641500000000001691e+01
2.660500000000001464e+01
2.678000000000000824e+01
2.698000000000002174e+01
2.715000000000001990e+01
2.737500000000002132e+01
2.755000000000002203e+01
2.782500000000000284e+01
2.804000000000001691e+01
2.824500000000001165e+01
2.847500000000000497e+01
2.864999999999999503e+01
2.884999999999999432e+01
2.909999999999997655e+01
2.927499999999998437e+01
2.952999999999999758e+01
2.972999999999999687e+01
2.993000000000001037e+01
3.015000000000000924e+01
3.034500000000000242e+01
3.055499999999999616e+01
3.069000000000000128e+01
3.092000000000000171e+01
3.116999999999998039e+01
3.134999999999998366e+01
3.156999999999999318e+01
3.181500000000000483e+01
3.201500000000000057e+01
3.225000000000000000e+01
3.250500000000001677e+01
3.267000000000001592e+01
3.279000000000001336e+01
3.306000000000000938e+01
3.325000000000000711e+01
3.344500000000000739e+01
3.363500000000000512e+01
3.380000000000000426e+01
3.402500000000001279e+01
3.420500000000000540e+01
3.438500000000001222e+01
3.459000000000001052e+01
3.477000000000001023e+01
3.498000000000001819e+01
3.518500000000000938e+01
3.539999999999999858e+01
3.559499999999999886e+01
3.579999999999997584e+01
3.598499999999997812e+01
3.618499999999998806e+01
3.638999999999999346e+01
3.664000000000000767e+01
3.679000000000000625e+01
3.702500000000002700e+01
3.722000000000002728e+01
3.741000000000003212e+01
3.762500000000002132e+01
3.785999999999999943e+01
3.804000000000000625e+01
3.829500000000000881e+01
3.850000000000001421e+01
3.870000000000000995e+01
3.888499999999999801e+01
3.911999999999999034e+01
3.929499999999997328e+01
3.949499999999997613e+01
3.962499999999997868e+01
3.984499999999998465e+01
4.004499999999998749e+01
4.027999999999998693e+01
4.051499999999997215e+01
4.071500000000000341e+01
4.089500000000002444e+01
4.110000000000002274e+01
4.131500000000002615e+01
4.148500000000002785e+01
4.167000000000001592e+01
4.181000000000002359e+01
4.206000000000001648e+01
4.227000000000001734e+01
4.247500000000002984e+01
4.266000000000002501e+01
4.284000000000003183e+01
4.303000000000002956e+01
4.323000000000002530e+01
4.343500000000001648e+01
4.361000000000001364e+01
4.382500000000001705e+01
4.405499999999999972e+01
4.426500000000000767e+01
4.442999999999998550e+01
4.466999999999998749e+01
4.480999999999999517e+01
4.500500000000002387e+01
4.524000000000000199e+01
4.547000000000000597e+01
4.574499999999999744e+01
4.598000000000000398e+01
4.621000000000000796e+01
4.639499999999998892e+01
4.652499999999998437e+01
4.669999999999998863e+01
4.685499999999996845e+01
4.704499999999995907e+01
4.720999999999997243e+01
4.738499999999997669e+01
4.761499999999998778e+01
4.780999999999999517e+01
4.799499999999999744e+01
4.819999999999998153e+01
4.840999999999997527e+01
4.863499999999996959e+01
4.881499999999996220e+01
4.897999999999997556e+01
4.919000000000000483e+01
4.940499999999998693e+01
4.962500000000001421e+01
4.979000000000001336e+01
4.999000000000002331e+01
5.016500000000002757e+01
5.041500000000002757e+01
5.061999999999999744e+01
5.076999999999999602e+01
5.100000000000000000e+01
5.117000000000001592e+01
5.135500000000001108e+01
5.158500000000001506e+01
5.173499999999997812e+01
5.194999999999999574e+01
5.213500000000001933e+01
5.229499999999999460e+01
5.249500000000001876e+01
5.270000000000003126e+01
5.291000000000003212e+01
5.308500000000002927e+01
5.328000000000005087e+01
5.351500000000002899e+01
5.371500000000004604e+01
5.391500000000002757e+01
5.411999999999998323e+01
5.433499999999995822e+01
5.451999999999994628e+01
5.470999999999992980e+01
5.489499999999995339e+01
5.509999999999997300e+01
5.534500000000001307e+01
5.552499999999999147e+01
5.575999999999997669e+01
5.591499999999999204e+01
5.616000000000000369e+01
5.635499999999998266e+01
5.655999999999997385e+01
5.677499999999997726e+01
5.696499999999997499e+01
5.717999999999995708e+01
5.738999999999995083e+01
5.763499999999996248e+01
5.781999999999995055e+01
5.806999999999993634e+01
5.827999999999993719e+01
5.852999999999995850e+01
5.875499999999995282e+01
5.898999999999990962e+01
5.922999999999994003e+01
5.943999999999995509e+01
5.963499999999995538e+01
5.987499999999997868e+01
6.009499999999998465e+01
6.029500000000000171e+01
6.047499999999998721e+01
6.065500000000000824e+01
6.080000000000000426e+01
6.102000000000001023e+01
6.121499999999997499e+01
6.141999999999998749e+01
6.160499999999997556e+01
6.180499999999998550e+01
6.201999999999997470e+01
6.221999999999998465e+01
6.242000000000000171e+01
6.259500000000000597e+01
6.283999999999998209e+01
6.304999999999999716e+01
6.324500000000000455e+01
6.342000000000003723e+01
6.362500000000004974e+01
6.384000000000002473e+01
6.407999999999999829e+01
6.423999999999999488e+01
6.448499999999999943e+01
6.466500000000000625e+01
6.485999999999998522e+01
6.508500000000000796e+01
6.534000000000003183e+01
6.555000000000002558e+01
6.574000000000003752e+01
6.592500000000002558e+01
6.613500000000004775e+01
6.637000000000003297e+01
6.659500000000005571e+01
6.681000000000005912e+01
6.700000000000005684e+01
6.718500000000004491e+01
6.734500000000004150e+01
6.753500000000002501e+01
6.780500000000000682e+01
6.800000000000002842e+01
6.819500000000002160e+01
6.843500000000000227e+01
6.867499999999996874e+01
6.889999999999996305e+01
6.909499999999991360e+01
6.927999999999995850e+01
6.949499999999996191e+01
6.965999999999995396e+01
6.985499999999997556e+01
7.011499999999995225e+01
7.033999999999996078e+01
7.055499999999996419e+01
7.071499999999997499e+01
7.092999999999996419e+01
7.118999999999996930e+01
7.136999999999996191e+01
7.155499999999994998e+01
7.175499999999992440e+01
7.193999999999994088e+01
7.213999999999998636e+01
7.236000000000001364e+01
7.254999999999996874e+01
7.273999999999998067e+01
7.294499999999996476e+01
7.313999999999997215e+01
7.330499999999996419e+01
7.351999999999995339e+01
7.369999999999998863e+01
7.391499999999997783e+01
7.412999999999996703e+01
7.435499999999997556e+01
7.453499999999993975e+01
7.473499999999995680e+01
7.488499999999996248e+01
7.509999999999995168e+01
7.525999999999996248e+01
7.543999999999995509e+01
7.565999999999999659e+01
7.590000000000003411e+01
7.610000000000005116e+01
7.627000000000003865e+01
7.651000000000004775e+01
7.672000000000005571e+01
7.692500000000002558e+01
7.712000000000001876e+01
7.730500000000000682e+01
7.748999999999999488e+01
7.770000000000000284e+01
7.793000000000002103e+01
7.810500000000004661e+01
7.831500000000001194e+01
7.858500000000005059e+01
7.883000000000005514e+01
7.901500000000001478e+01
7.920500000000004093e+01
7.937500000000000000e+01
7.956499999999999773e+01
7.979499999999997328e+01
7.994999999999998863e+01
8.018500000000001648e+01
8.039000000000004320e+01
8.056500000000006878e+01
8.076500000000007162e+01
8.097000000000006992e+01
8.120500000000002672e+01
8.142499999999999716e+01
8.167999999999996419e+01
8.184999999999999432e+01
8.207500000000001705e+01
8.225500000000003809e+01
8.247500000000002274e+01
8.276500000000001478e+01
8.295000000000001705e+01
8.316999999999998749e+01
8.339000000000002899e+01
8.362500000000005684e+01
8.385500000000004661e+01
8.404999999999999716e+01
8.426000000000003354e+01
8.442500000000008242e+01
8.459500000000012676e+01
8.476500000000008583e+01
8.498000000000003240e+01
8.519500000000006423e+01
8.537500000000007105e+01
8.552500000000006253e+01
8.575000000000004263e+01
8.593999999999999773e+01
8.613499999999994827e+01
8.634999999999993747e+01
8.657999999999992724e+01
8.677499999999992042e+01
8.694999999999993179e+01
8.713999999999995794e+01
8.734499999999998465e+01
8.752999999999995850e+01
8.765000000000001990e+01
8.785500000000001819e+01
8.807999999999999829e+01
8.831499999999996930e+01
8.845499999999999829e+01
8.863999999999998636e+01
8.888500000000000512e+01
8.906999999999995055e+01
8.924499999999997613e+01
8.953499999999995396e+01
8.970999999999995111e+01
8.997999999999996135e+01
9.013999999999997215e+01
9.033999999999996078e+01
9.049999999999997158e+01
9.065499999999998693e+01
9.090499999999995850e+01
9.111999999999996191e+01
9.127999999999994429e+01
9.155000000000001137e+01
9.170999999999996533e+01
9.189999999999996305e+01
9.210999999999998522e+01
9.230499999999999261e+01
9.250999999999999091e+01
9.267499999999995453e+01
9.287499999999995737e+01
9.303499999999998238e+01
9.321499999999998920e+01
9.339999999999999147e+01
9.360999999999994259e+01
9.382499999999991758e+01
9.398999999999993804e+01
9.411499999999992383e+01
9.430999999999994543e+01
9.448999999999992383e+01
9.464499999999989654e+01
9.476499999999988688e+01
9.493999999999989825e+01
9.512999999999989598e+01
9.528999999999992099e+01
9.545999999999990848e+01
9.565499999999990166e+01
9.581499999999989825e+01
9.592499999999994031e+01
9.604999999999991189e+01
9.623499999999992838e+01
9.639499999999995339e+01
9.650999999999993406e+01
9.661499999999996646e+01
9.679499999999995907e+01
9.691999999999994486e+01
9.709999999999990905e+01
9.722999999999989029e+01
9.736499999999986699e+01
9.748999999999988120e+01
9.757499999999993179e+01
9.763999999999997215e+01
9.775499999999995282e+01
9.780999999999991701e+01
9.793999999999992667e+01
9.806999999999995055e+01
9.814999999999996305e+01
9.822499999999993747e+01
9.827999999999988745e+01
9.830999999999991701e+01
9.836499999999992383e+01
9.839499999999992497e+01
9.840999999999991132e+01
9.846499999999994657e+01
9.851499999999995794e+01
9.854999999999998295e+01
9.860499999999998977e+01
9.868500000000000227e+01
9.877500000000003411e+01
9.881500000000002615e+01
9.880500000000002103e+01
9.880000000000001137e+01
9.888499999999996248e+01
9.890000000000001990e+01
9.898500000000004206e+01
9.900500000000003809e+01
9.901500000000002899e+01
9.906000000000004491e+01
9.907000000000010687e+01
9.911000000000009891e+01
9.911500000000010857e+01
9.917000000000010118e+01
9.916000000000009607e+01
9.913000000000006651e+01
9.915000000000009095e+01
9.914500000000009550e+01
9.909500000000008413e+01
9.904500000000007276e+01
9.906000000000010175e+01
9.908500000000012164e+01
9.913000000000009493e+01
9.907500000000008811e+01
9.910000000000007958e+01
9.915500000000005798e+01
9.920500000000005514e+01
9.919500000000006423e+01
9.918500000000007333e+01
9.918000000000009209e+01
9.912000000000004718e+01
9.907000000000005002e+01
9.908500000000007901e+01
9.912000000000003297e+01
9.914000000000004320e+01
9.916500000000007731e+01
9.919500000000012108e+01
9.919000000000006878e+01
9.915500000000005798e+01
9.912500000000002842e+01
9.910000000000006537e+01
9.909000000000011710e+01
9.909500000000012676e+01
9.909500000000012676e+01
9.910000000000012221e+01
9.912500000000009948e+01
9.915500000000010061e+01
9.921000000000010743e+01
9.920000000000013074e+01
9.922500000000009379e+01
9.920500000000008356e+01
9.917500000000008242e+01
9.914500000000008129e+01
9.913000000000006651e+01
9.911000000000004206e+01
9.910000000000002274e+01
9.910500000000007503e+01
9.914500000000008129e+01
9.917000000000004434e+01
9.916000000000006764e+01
9.914000000000010004e+01
9.914000000000007162e+01
9.917500000000008242e+01
9.919500000000007844e+01
9.921000000000006480e+01
9.920000000000007390e+01
9.920000000000004547e+01
9.916500000000004889e+01
9.916500000000006310e+01
9.916000000000008185e+01
9.915500000000010061e+01
9.911000000000007049e+01
9.912500000000009948e+01
9.916500000000009152e+01
9.920000000000004547e+01
9.921500000000006025e+01
9.916500000000009152e+01
9.913000000000012335e+01
9.916000000000011028e+01
9.915500000000012903e+01
9.913500000000013301e+01
9.920500000000009777e+01
9.918000000000010630e+01
9.919500000000009265e+01
9.922000000000008413e+01
9.921500000000011710e+01
9.920000000000007390e+01
9.919000000000006878e+01
9.919500000000007844e+01
9.919000000000005457e+01
9.916000000000006764e+01
9.915500000000001535e+01
9.914500000000002444e+01
9.917500000000002558e+01
9.919000000000004036e+01
9.918000000000004945e+01
9.917500000000003979e+01
9.912500000000004263e+01
9.913500000000009038e+01
9.912500000000007105e+01
9.918500000000004491e+01
9.917000000000003013e+01
9.915500000000004377e+01
9.914000000000004320e+01
9.915000000000010516e+01
9.915000000000007674e+01
9.915000000000007674e+01
9.916000000000005343e+01
9.915500000000004377e+01
9.912000000000003297e+01
9.915500000000002956e+01
9.915500000000005798e+01
9.918000000000004945e+01
9.916000000000006764e+01
9.913500000000004775e+01
9.915000000000003411e+01
9.917000000000004434e+01
9.916000000000002501e+01
9.913499999999999091e+01
9.911000000000001364e+01
9.909999999999996589e+01
9.908500000000002217e+01
9.907500000000000284e+01
9.907500000000000284e+01
9.914000000000002899e+01
9.918000000000004945e+01
9.922500000000006537e+01
9.925000000000009948e+01
9.923000000000006082e+01
9.922000000000008413e+01
9.920500000000008356e+01
9.919000000000006878e+01
9.914500000000005286e+01
9.917000000000004434e+01
9.922000000000004150e+01
9.921500000000006025e+01
9.920000000000011653e+01
9.920000000000010232e+01
9.917500000000013927e+01
9.918500000000011596e+01
9.917500000000011084e+01
9.916000000000009607e+01
9.920500000000008356e+01
9.919000000000006878e+01
9.916000000000005343e+01
9.923500000000005627e+01
9.922000000000005571e+01
9.921000000000005059e+01
9.916000000000008185e+01
9.913000000000008072e+01
9.911500000000006594e+01
9.915000000000007674e+01
9.914000000000011426e+01
9.911500000000009436e+01
9.917500000000008242e+01
9.917000000000008697e+01
9.909000000000003183e+01
9.911000000000008470e+01
9.912500000000009948e+01
9.914000000000007162e+01
9.913000000000006651e+01
9.914000000000005741e+01
9.917500000000009663e+01
9.921500000000010289e+01
9.920000000000007390e+01
9.920000000000005969e+01
9.921000000000006480e+01
9.923000000000006082e+01
9.926000000000004775e+01
9.920500000000005514e+01
9.921500000000006025e+01
9.917000000000004434e+01
9.919000000000005457e+01
9.918500000000005912e+01
9.917500000000008242e+01
9.915500000000007219e+01
9.918000000000006366e+01
9.913500000000004775e+01
9.909500000000005571e+01
9.912000000000004718e+01
9.909500000000005571e+01
9.906500000000004036e+01
9.909000000000004604e+01
9.915000000000004832e+01
9.914500000000003865e+01
9.917000000000004434e+01
9.919000000000001194e+01
9.921000000000002217e+01
9.920500000000004093e+01
9.920500000000006935e+01
9.918500000000003070e+01
9.915500000000002956e+01
9.913500000000003354e+01
9.911500000000005173e+01
9.914500000000003865e+01
9.915000000000003411e+01
9.912000000000008981e+01
9.910000000000009379e+01
9.914000000000010004e+01
9.913000000000009493e+01
9.910000000000007958e+01
9.908500000000006480e+01
9.910000000000006537e+01
9.907000000000006423e+01
9.906500000000005457e+01
9.909500000000005571e+01
9.910500000000006082e+01
9.908000000000006935e+01
9.906500000000009720e+01
9.909000000000011710e+01
9.909500000000011255e+01
9.916500000000009152e+01
9.916000000000006764e+01
9.919000000000005457e+01
9.916000000000003922e+01
9.915500000000001535e+01
9.915500000000004377e+01
9.912500000000005684e+01
9.915000000000009095e+01
9.916500000000007731e+01
9.916000000000013870e+01
9.911500000000010857e+01
9.912500000000009948e+01
9.912500000000009948e+01
9.914500000000009550e+01
9.916000000000006764e+01
9.913000000000008072e+01
9.913500000000003354e+01
9.911000000000004206e+01
9.907500000000001705e+01
9.905000000000003979e+01
9.909500000000001307e+01
9.909000000000000341e+01
9.909000000000000341e+01
9.911000000000004206e+01
9.912500000000005684e+01
9.913000000000006651e+01
9.907000000000009265e+01
9.908500000000010743e+01
9.912500000000009948e+01
9.916500000000006310e+01
9.918000000000007788e+01
9.919000000000005457e+01
9.921500000000006025e+01
9.923500000000007049e+01
9.923000000000006082e+01
9.925000000000007105e+01
9.919000000000002615e+01
9.916500000000000625e+01
