3.750000000000002220e-01
6.450000000000004619e-01
8.900000000000006795e-01
1.119999999999999218e+00
1.394999999999997797e+00
1.564999999999997726e+00
1.829999999999996074e+00
2.084999999999995524e+00
2.299999999999995381e+00
2.529999999999994920e+00
2.789999999999997815e+00
3.039999999999998259e+00
3.369999999999998774e+00
3.629999999999997229e+00
3.814999999999996838e+00
4.054999999999995275e+00
4.384999999999995346e+00
4.644999999999996021e+00
4.889999999999997904e+00
5.100000000000000533e+00
5.375000000000001776e+00
5.615000000000003766e+00
5.820000000000005613e+00
6.050000000000006928e+00
6.285000000000006359e+00
6.580000000000007176e+00
6.760000000000006892e+00
7.045000000000007923e+00
7.280000000000006466e+00
7.495000000000005436e+00
7.805000000000003268e+00
8.000000000000000000e+00
8.244999999999999218e+00
8.554999999999996163e+00
8.734999999999994102e+00
8.954999999999992966e+00
9.239999999999987779e+00
9.474999999999994316e+00
9.744999999999992113e+00
1.001999999999998892e+01
1.025999999999998735e+01
1.052499999999998792e+01
1.076999999999999069e+01
1.099999999999999112e+01
1.123499999999998877e+01
1.141999999999998927e+01
1.164999999999998970e+01
1.188499999999999446e+01
1.208499999999999730e+01
1.238999999999999346e+01
1.261999999999999744e+01
1.284999999999999787e+01
1.312499999999999645e+01
1.331999999999999851e+01
1.356000000000000050e+01
1.378500000000000547e+01
1.404999999999999893e+01
1.429499999999999815e+01
1.452499999999999680e+01
1.476999999999999602e+01
1.498999999999999666e+01
1.521000000000000263e+01
1.542500000000000426e+01
1.562000000000000455e+01
1.592999999999999972e+01
1.611500000000000199e+01
1.637500000000000711e+01
1.656500000000000838e+01
1.679000000000000981e+01
1.703000000000000824e+01
1.724500000000001521e+01
1.754000000000002046e+01
1.770500000000002316e+01
1.794500000000002160e+01
1.818500000000002004e+01
1.843000000000001037e+01
1.868500000000001293e+01
1.894000000000000838e+01
1.918500000000000583e+01
1.942000000000000881e+01
1.969000000000002615e+01
1.993500000000001648e+01
2.017000000000002657e+01
2.042000000000003013e+01
2.061500000000001975e+01
2.088000000000000966e+01
2.114000000000000412e+01
2.137499999999998934e+01
2.159999999999998721e+01
2.180499999999999261e+01
2.203999999999998494e+01
2.227999999999998337e+01
2.250499999999998124e+01
2.269499999999997897e+01
2.295499999999998053e+01
2.320999999999999730e+01
2.346500000000000341e+01
2.373500000000000654e+01
2.395000000000000284e+01
2.418999999999999773e+01
2.440499999999999048e+01
2.464500000000000668e+01
2.488000000000000611e+01
2.506500000000000483e+01
2.528999999999999559e+01
2.554500000000000171e+01
2.579500000000000881e+01
2.600500000000000966e+01
2.623499999999999943e+01
2.648000000000001819e+01
2.675000000000002132e+01
2.703500000000003212e+01
2.726000000000002998e+01
2.747000000000002018e+01
2.772000000000003794e+01
2.793500000000002004e+01
2.816000000000000369e+01
2.836500000000000554e+01
2.860500000000000398e+01
2.884499999999999176e+01
2.912499999999999289e+01
2.937499999999998579e+01
2.955499999999998906e+01
2.974499999999998678e+01
2.998999999999998778e+01
3.021999999999999176e+01
3.046499999999998565e+01
3.070499999999999119e+01
3.094999999999999929e+01
3.123000000000000398e+01
3.144500000000001805e+01
3.163000000000001677e+01
3.186500000000000554e+01
3.209000000000000341e+01
3.231500000000000483e+01
3.254500000000001592e+01
3.275500000000002387e+01
3.303000000000000824e+01
3.326500000000000057e+01
3.346500000000000341e+01
3.368000000000001393e+01
3.386000000000002785e+01
3.411000000000001364e+01
3.433500000000000796e+01
3.452000000000001023e+01
3.468500000000001648e+01
3.492000000000000881e+01
3.516999999999999460e+01
3.539500000000000313e+01
3.561999999999999034e+01
3.585499999999998977e+01
3.607499999999998153e+01
3.637499999999998579e+01
3.662999999999998124e+01
3.686499999999998778e+01
3.714499999999998892e+01
3.735999999999999233e+01
3.756000000000000227e+01
3.775499999999999545e+01
3.799500000000000455e+01
3.825500000000001677e+01
3.849000000000002331e+01
3.871000000000002217e+01
3.894500000000000739e+01
3.917000000000000171e+01
3.941500000000001336e+01
3.961999999999999744e+01
3.983499999999999375e+01
4.004500000000000171e+01
4.030500000000000682e+01
4.058000000000001251e+01
4.080500000000002814e+01
4.106500000000004746e+01
4.130500000000003524e+01
4.159000000000002473e+01
4.186500000000000199e+01
4.209000000000001052e+01
4.228999999999998494e+01
4.254999999999999716e+01
4.277000000000001734e+01
4.302000000000001023e+01
4.331000000000000938e+01
4.351500000000000057e+01
4.374499999999999034e+01
4.399499999999999744e+01
4.422499999999999432e+01
4.448000000000000398e+01
4.470999999999998664e+01
4.500499999999998124e+01
4.520999999999998664e+01
4.537000000000001876e+01
4.557500000000000284e+01
4.582999999999998408e+01
4.609999999999999432e+01
4.635999999999997101e+01
4.655499999999998550e+01
4.682499999999996732e+01
4.705499999999997840e+01
4.728499999999998238e+01
4.750000000000000711e+01
4.769500000000000739e+01
4.796499999999998920e+01
4.820000000000000284e+01
4.849000000000000199e+01
4.882000000000000028e+01
4.899499999999998323e+01
4.918999999999999062e+01
4.939499999999998892e+01
4.962000000000001165e+01
4.983500000000002927e+01
5.005000000000003979e+01
5.031500000000002615e+01
5.057500000000003837e+01
5.077500000000000568e+01
5.102500000000004121e+01
5.130000000000003268e+01
5.155000000000004690e+01
5.180500000000004235e+01
5.206500000000001904e+01
5.224500000000002586e+01
5.249000000000001620e+01
5.277000000000004576e+01
5.299500000000003297e+01
5.322500000000004405e+01
5.347000000000002728e+01
5.368500000000001648e+01
5.389000000000002899e+01
5.414500000000002444e+01
5.442000000000003013e+01
5.468000000000001393e+01
5.493999999999999773e+01
5.517499999999999005e+01
5.549499999999994060e+01
5.569999999999996021e+01
5.593999999999996220e+01
5.616499999999995651e+01
5.638500000000000512e+01
5.659500000000003439e+01
5.691000000000001080e+01
5.715000000000000568e+01
5.738499999999998380e+01
5.759999999999999432e+01
5.779999999999996874e+01
5.803499999999995396e+01
5.830499999999992866e+01
5.851499999999994373e+01
5.872499999999995879e+01
5.901999999999998892e+01
5.923999999999997357e+01
5.949000000000000199e+01
5.968999999999999062e+01
5.991499999999998494e+01
6.013999999999997215e+01
6.034499999999999886e+01
6.056499999999998352e+01
6.082999999999997698e+01
6.101499999999997215e+01
6.126499999999995794e+01
6.153000000000000824e+01
6.178000000000001535e+01
6.201999999999999602e+01
6.224500000000000455e+01
6.255000000000001847e+01
6.277000000000002444e+01
6.300000000000002132e+01
6.321500000000003183e+01
6.348500000000004917e+01
6.370500000000001961e+01
6.391500000000004178e+01
6.416500000000004889e+01
6.443500000000005912e+01
6.473000000000001819e+01
6.496500000000001762e+01
6.518000000000003524e+01
6.538000000000000966e+01
6.560500000000001819e+01
6.582499999999998863e+01
6.599500000000000455e+01
6.622000000000002728e+01
6.645500000000002672e+01
6.672000000000002728e+01
6.692500000000003979e+01
6.718999999999999773e+01
6.748999999999998067e+01
6.768499999999998806e+01
6.795000000000001705e+01
6.823000000000000398e+01
6.851000000000001933e+01
6.868000000000004945e+01
6.892000000000003013e+01
6.925000000000001421e+01
6.947499999999995168e+01
6.968499999999994543e+01
6.986499999999996646e+01
7.014499999999999602e+01
7.036500000000000909e+01
7.056500000000001194e+01
7.077999999999998693e+01
7.104999999999996874e+01
7.126499999999994373e+01
7.148999999999996646e+01
7.164499999999996760e+01
7.186499999999993804e+01
7.212499999999997158e+01
7.237999999999992440e+01
7.265999999999995396e+01
7.290999999999992554e+01
7.313499999999996248e+01
7.342999999999999261e+01
7.364000000000000057e+01
7.390000000000001990e+01
7.412500000000000000e+01
7.434000000000001762e+01
7.457500000000001705e+01
7.479499999999998749e+01
7.502499999999999147e+01
7.521500000000001762e+01
7.544000000000006878e+01
7.570000000000005969e+01
7.596499999999997499e+01
7.619999999999998863e+01
7.639000000000000057e+01
7.660999999999998522e+01
7.684499999999997044e+01
7.705999999999998806e+01
7.727500000000001990e+01
7.755000000000002558e+01
7.778500000000005343e+01
7.805000000000005400e+01
7.827500000000007674e+01
7.852500000000010516e+01
7.882500000000004547e+01
7.905000000000003979e+01
7.928500000000003922e+01
7.954000000000002046e+01
7.978500000000006764e+01
8.000500000000006651e+01
8.019000000000002615e+01
8.042000000000003013e+01
8.068000000000004945e+01
8.089000000000004320e+01
8.110000000000005116e+01
8.132500000000004547e+01
8.154999999999999716e+01
8.180500000000003524e+01
8.207000000000005002e+01
8.228500000000005343e+01
8.251500000000004320e+01
8.275000000000008527e+01
8.294500000000009265e+01
8.316000000000005343e+01
8.337500000000005684e+01
8.360000000000006537e+01
8.382000000000006423e+01
8.406500000000002615e+01
8.421000000000002217e+01
8.451000000000003354e+01
8.474499999999999034e+01
8.499500000000000455e+01
8.526499999999998636e+01
8.548499999999998522e+01
8.575499999999998124e+01
8.600500000000000966e+01
8.623499999999998522e+01
8.643000000000004945e+01
8.666000000000002501e+01
8.685500000000003240e+01
8.712500000000005684e+01
8.730000000000003979e+01
8.761500000000002331e+01
8.781500000000004036e+01
8.803000000000004377e+01
8.823000000000006082e+01
8.844500000000002160e+01
8.868499999999998806e+01
8.893499999999997385e+01
8.919500000000000739e+01
8.943999999999996930e+01
8.963999999999998636e+01
8.988499999999997669e+01
9.014499999999998181e+01
9.038000000000002387e+01
9.060999999999997101e+01
9.081499999999994088e+01
9.100499999999993861e+01
9.127499999999993463e+01
9.154499999999994486e+01
9.173999999999998067e+01
9.196499999999996078e+01
9.217499999999995453e+01
9.242999999999994998e+01
9.262499999999995737e+01
9.285999999999998522e+01
9.307500000000000284e+01
9.324999999999997158e+01
9.349499999999990507e+01
9.367999999999994998e+01
9.393999999999998352e+01
9.416499999999999204e+01
9.439999999999994884e+01
9.456499999999992667e+01
9.478499999999989711e+01
9.502999999999993008e+01
9.522499999999992326e+01
9.540499999999993008e+01
9.556499999999988404e+01
9.578499999999992554e+01
9.596499999999993236e+01
9.617999999999994998e+01
9.630999999999997385e+01
9.654000000000002046e+01
9.674499999999996191e+01
9.690499999999994429e+01
9.706499999999998352e+01
9.718499999999994543e+01
9.730999999999995964e+01
9.741999999999991644e+01
9.756499999999991246e+01
9.764499999999991076e+01
9.774999999999992895e+01
9.783499999999993690e+01
9.793999999999991246e+01
9.805499999999993577e+01
9.810499999999997556e+01
9.816999999999997328e+01
9.831000000000000227e+01
9.840499999999997272e+01
9.848499999999997101e+01
9.856499999999999773e+01
9.858499999999993690e+01
9.864500000000001023e+01
9.870499999999996987e+01
9.874499999999999034e+01
9.879500000000000171e+01
9.884500000000001307e+01
9.890000000000004832e+01
9.891000000000003922e+01
9.891500000000002046e+01
9.893500000000000227e+01
9.894999999999998863e+01
9.893000000000004945e+01
9.893000000000004945e+01
9.893999999999999773e+01
9.892499999999998295e+01
9.896000000000000796e+01
9.901000000000003354e+01
9.905000000000003979e+01
9.902999999999998693e+01
9.902000000000001023e+01
9.899999999999998579e+01
9.900999999999997669e+01
9.900999999999999091e+01
9.902500000000006253e+01
9.905000000000006821e+01
9.907500000000007390e+01
9.911000000000002785e+01
9.906000000000003070e+01
9.909999999999999432e+01
9.915499999999995850e+01
9.914500000000002444e+01
9.916000000000005343e+01
9.915500000000004377e+01
9.913000000000005230e+01
9.911500000000006594e+01
9.912500000000008527e+01
9.914000000000002899e+01
9.916500000000007731e+01
9.917000000000007276e+01
9.915000000000004832e+01
9.912500000000004263e+01
9.912999999999999545e+01
9.907999999999999829e+01
9.907000000000002160e+01
9.910000000000003695e+01
9.908500000000003638e+01
9.906500000000002615e+01
9.907000000000000739e+01
9.906500000000008299e+01
9.903000000000004377e+01
9.905500000000004945e+01
9.905500000000004945e+01
9.902000000000005286e+01
9.903500000000008185e+01
9.910000000000005116e+01
9.907000000000005002e+01
9.906500000000002615e+01
9.910000000000002274e+01
9.907500000000004547e+01
9.910500000000001819e+01
9.908000000000001251e+01
9.912500000000002842e+01
9.913500000000001933e+01
9.911000000000004206e+01
9.912500000000004263e+01
9.915500000000004377e+01
9.915500000000007219e+01
9.914500000000006708e+01
9.912000000000001876e+01
9.909500000000005571e+01
9.909000000000010289e+01
