5.450000000000003730e-01
1.090000000000000302e+00
1.479999999999998206e+00
1.809999999999996501e+00
2.179999999999995719e+00
2.504999999999995453e+00
2.784999999999995257e+00
3.129999999999994564e+00
3.399999999999995026e+00
3.719999999999994422e+00
4.009999999999995346e+00
4.359999999999995879e+00
4.599999999999996092e+00
4.904999999999995808e+00
5.294999999999998153e+00
5.560000000000004050e+00
5.810000000000007603e+00
6.110000000000006537e+00
6.375000000000007105e+00
6.715000000000006963e+00
7.030000000000007354e+00
7.365000000000006430e+00
7.710000000000003517e+00
7.995000000000001883e+00
8.259999999999998010e+00
8.564999999999994174e+00
8.859999999999994102e+00
9.224999999999990763e+00
9.549999999999990052e+00
9.869999999999993889e+00
1.009999999999999432e+01
1.035499999999999332e+01
1.067499999999999005e+01
1.093999999999999417e+01
1.121000000000000085e+01
1.154500000000000171e+01
1.174499999999999922e+01
1.211500000000000199e+01
1.238000000000000078e+01
1.266000000000000547e+01
1.285999999999999943e+01
1.315500000000000291e+01
1.349000000000000021e+01
1.379000000000000803e+01
1.408000000000001251e+01
1.444000000000001371e+01
1.471000000000001151e+01
1.503000000000000824e+01
1.532500000000000284e+01
1.570000000000000817e+01
1.602000000000001378e+01
1.636000000000002430e+01
1.662500000000001421e+01
1.689500000000001734e+01
1.718500000000001648e+01
1.748500000000002075e+01
1.767000000000001947e+01
1.789000000000001833e+01
1.819000000000000838e+01
1.859000000000001407e+01
1.893500000000000583e+01
1.925500000000000966e+01
1.957000000000001450e+01
1.986499999999999844e+01
2.013500000000000512e+01
2.054499999999999815e+01
2.079999999999999716e+01
2.115499999999999403e+01
2.142500000000000426e+01
2.173999999999999133e+01
2.199999999999999289e+01
2.226499999999999702e+01
2.257999999999999474e+01
2.285499999999998622e+01
2.316499999999998849e+01
2.344499999999998963e+01
2.380000000000000426e+01
2.408499999999999019e+01
2.434499999999999531e+01
2.460499999999999332e+01
2.493500000000000227e+01
2.523000000000000398e+01
2.552500000000000568e+01
2.584499999999999531e+01
2.614000000000000412e+01
2.644500000000001094e+01
2.680000000000001137e+01
2.710500000000000753e+01
2.737000000000000099e+01
2.762500000000000355e+01
2.790499999999998693e+01
2.821000000000000085e+01
2.860500000000001464e+01
2.889500000000001378e+01
2.924500000000001521e+01
2.952000000000001023e+01
2.980000000000000782e+01
3.003500000000001435e+01
3.037000000000000099e+01
3.072499999999999787e+01
3.103999999999999915e+01
3.133999999999999986e+01
3.168000000000001037e+01
3.198500000000001364e+01
3.224500000000001165e+01
3.253000000000000114e+01
3.282500000000001705e+01
3.314500000000001023e+01
3.345000000000001705e+01
3.366000000000003212e+01
3.394000000000003325e+01
3.434500000000002018e+01
3.464000000000000767e+01
3.483500000000000085e+01
3.511999999999999744e+01
3.540000000000001279e+01
3.573499999999999943e+01
3.597500000000000142e+01
3.623500000000000654e+01
3.653999999999999915e+01
3.677999999999998693e+01
3.706499999999999062e+01
3.734000000000000341e+01
3.773999999999999488e+01
3.808500000000000796e+01
3.838500000000001222e+01
3.870000000000000995e+01
3.896999999999997755e+01
3.922499999999998721e+01
3.950999999999999091e+01
3.979999999999999005e+01
4.009999999999998721e+01
4.038499999999999801e+01
4.074000000000000199e+01
4.101999999999998892e+01
4.137000000000001165e+01
4.163000000000003098e+01
4.196500000000005315e+01
4.222500000000004405e+01
4.258000000000003382e+01
4.288999999999999346e+01
4.318500000000001648e+01
4.348999999999999488e+01
4.374999999999999289e+01
4.402499999999999858e+01
4.435499999999999687e+01
4.467500000000000426e+01
4.497500000000003695e+01
4.523500000000001364e+01
4.556000000000000938e+01
4.595499999999999829e+01
4.630999999999998806e+01
4.665499999999999403e+01
4.696499999999999631e+01
4.731999999999997897e+01
4.756499999999995509e+01
4.782499999999996732e+01
4.807499999999997442e+01
4.831499999999994799e+01
4.864499999999996049e+01
4.895999999999997243e+01
4.930999999999999517e+01
4.959499999999999176e+01
4.986000000000000654e+01
5.017500000000003268e+01
5.047000000000000597e+01
5.074500000000001876e+01
5.102500000000000568e+01
5.131500000000001194e+01
5.158000000000000540e+01
5.186000000000002075e+01
5.216000000000003922e+01
5.244000000000003325e+01
5.273000000000005372e+01
5.299000000000003041e+01
5.334500000000002728e+01
5.367500000000004690e+01
5.398000000000001819e+01
5.432999999999999829e+01
5.459499999999999176e+01
5.489999999999999147e+01
5.521999999999997755e+01
5.549999999999999289e+01
5.578500000000000369e+01
5.611500000000002331e+01
5.651500000000000767e+01
5.682000000000000028e+01
5.706999999999999318e+01
5.736999999999997613e+01
5.767999999999996419e+01
5.793999999999996930e+01
5.823499999999999943e+01
5.857499999999998153e+01
5.883499999999999375e+01
5.910499999999999687e+01
5.939999999999998437e+01
5.966499999999997783e+01
5.988999999999995083e+01
6.012499999999997158e+01
6.045499999999999119e+01
6.077999999999999403e+01
6.114500000000001023e+01
6.140000000000001990e+01
6.162500000000000711e+01
6.189499999999998892e+01
6.221499999999997499e+01
6.251499999999998636e+01
6.284999999999999432e+01
6.305999999999997385e+01
6.336000000000001364e+01
6.368000000000002814e+01
6.394500000000005002e+01
6.428000000000004377e+01
6.464000000000004320e+01
6.490000000000003411e+01
6.521500000000003183e+01
6.551000000000000512e+01
6.589500000000002444e+01
6.610000000000000853e+01
6.636500000000000909e+01
6.669999999999998863e+01
6.704499999999998749e+01
6.739999999999997726e+01
6.770499999999998408e+01
6.798499999999998522e+01
6.825999999999996248e+01
6.848499999999999943e+01
6.876999999999999602e+01
6.912499999999998579e+01
6.937500000000002842e+01
6.966000000000001080e+01
6.996999999999999886e+01
7.022499999999998010e+01
7.048499999999998522e+01
7.082999999999994145e+01
7.107499999999994600e+01
7.135499999999996135e+01
7.162499999999995737e+01
7.188999999999995794e+01
7.221999999999991360e+01
7.250999999999997669e+01
7.273999999999998067e+01
7.299500000000001876e+01
7.328500000000005343e+01
7.365500000000004377e+01
7.402500000000003411e+01
7.432000000000003581e+01
7.456000000000001648e+01
7.481500000000001194e+01
7.509499999999998465e+01
7.540499999999991587e+01
7.566999999999994486e+01
7.600999999999996248e+01
7.629499999999995907e+01
7.658499999999996533e+01
7.685499999999994714e+01
7.725499999999995282e+01
7.749999999999995737e+01
7.781000000000001648e+01
7.811000000000001364e+01
7.844500000000005002e+01
7.876000000000007617e+01
7.899500000000003297e+01
7.921500000000003183e+01
7.945499999999996987e+01
7.978000000000000114e+01
8.008000000000002672e+01
8.034000000000004604e+01
8.070000000000001705e+01
8.097499999999999432e+01
8.132000000000002160e+01
8.155000000000001137e+01
8.178499999999999659e+01
8.208500000000000796e+01
8.241000000000005343e+01
8.266000000000003922e+01
8.296500000000001762e+01
8.324999999999998579e+01
8.351999999999993918e+01
8.379499999999997328e+01
8.407999999999998408e+01
8.432999999999999829e+01
8.469000000000002615e+01
8.504500000000004434e+01
8.533999999999996078e+01
8.565999999999996817e+01
8.590500000000001535e+01
8.618500000000007333e+01
8.657000000000005002e+01
8.686500000000003752e+01
8.716500000000000625e+01
8.746999999999994202e+01
8.771999999999998465e+01
8.801500000000000057e+01
8.828999999999999204e+01
8.856999999999996476e+01
8.897999999999998977e+01
8.921999999999997044e+01
8.953999999999999204e+01
8.982000000000000739e+01
9.010999999999999943e+01
9.046499999999997499e+01
9.073499999999997101e+01
9.101999999999993918e+01
9.129499999999995907e+01
9.160499999999996135e+01
9.185499999999994714e+01
9.213499999999997669e+01
9.236499999999996646e+01
9.265499999999998693e+01
9.287000000000000455e+01
9.310499999999998977e+01
9.338499999999994827e+01
9.367999999999992156e+01
9.401499999999991530e+01
9.430499999999993577e+01
9.447999999999994714e+01
9.475999999999989143e+01
9.500999999999990564e+01
9.527499999999992042e+01
9.552999999999993008e+01
9.569999999999996021e+01
9.588499999999994827e+01
9.600999999999990564e+01
9.616499999999986414e+01
9.628999999999989257e+01
9.648999999999990962e+01
9.665499999999990166e+01
9.681999999999996476e+01
9.700999999999997669e+01
9.718499999999994543e+01
9.729999999999996874e+01
9.744999999999998863e+01
9.758999999999997499e+01
9.776499999999995794e+01
9.784999999999993747e+01
9.798999999999995225e+01
9.806499999999992667e+01
9.825499999999999545e+01
9.839000000000004320e+01
9.846000000000005059e+01
9.844000000000002615e+01
9.848500000000001364e+01
9.859499999999998465e+01
9.868500000000000227e+01
9.866500000000002046e+01
9.874000000000002331e+01
9.882500000000004547e+01
9.879500000000004434e+01
9.884500000000006992e+01
9.888000000000006651e+01
9.893000000000002103e+01
9.900000000000004263e+01
9.901000000000007617e+01
9.897000000000004150e+01
9.902000000000003865e+01
9.901000000000004775e+01
9.902000000000003865e+01
9.908000000000004093e+01
9.909000000000004604e+01
9.907500000000001705e+01
9.910000000000006537e+01
9.909500000000006992e+01
9.912000000000004718e+01
9.909500000000002728e+01
9.918000000000009209e+01
9.915000000000007674e+01
9.918500000000005912e+01
9.915000000000001990e+01
9.919000000000002615e+01
9.915500000000004377e+01
9.915500000000007219e+01
9.913500000000009038e+01
9.914500000000009550e+01
9.916500000000013415e+01
9.908500000000007901e+01
9.910000000000007958e+01
9.912500000000005684e+01
9.915500000000011482e+01
9.911500000000010857e+01
9.917500000000008242e+01
9.911500000000006594e+01
9.916500000000004889e+01
9.919000000000008299e+01
9.925500000000009493e+01
9.916000000000005343e+01
9.915000000000003411e+01
9.913000000000000966e+01
9.911000000000002785e+01
9.914000000000000057e+01
9.912000000000004718e+01
9.907500000000007390e+01
9.909000000000008868e+01
9.910000000000010800e+01
9.903500000000009607e+01
9.907500000000008811e+01
9.913500000000006196e+01
9.910000000000007958e+01
9.911500000000010857e+01
9.914000000000008583e+01
9.918000000000007788e+01
9.920500000000004093e+01
9.921500000000004604e+01
9.924000000000005173e+01
9.922500000000006537e+01
9.920000000000004547e+01
9.927500000000004832e+01
9.921500000000004604e+01
9.917500000000003979e+01
9.914500000000002444e+01
9.916000000000002501e+01
9.913000000000000966e+01
9.909000000000003183e+01
9.910000000000002274e+01
9.917500000000003979e+01
9.916500000000007731e+01
9.917000000000007276e+01
9.920000000000007390e+01
9.921500000000006025e+01
9.918500000000005912e+01
9.914500000000006708e+01
9.907000000000005002e+01
9.912000000000010402e+01
9.915500000000010061e+01
9.917500000000006821e+01
9.913500000000006196e+01
9.918500000000005912e+01
9.917500000000002558e+01
9.920999999999999375e+01
9.916500000000006310e+01
9.920500000000006935e+01
9.925000000000009948e+01
9.923000000000011767e+01
9.920000000000010232e+01
9.919000000000013983e+01
9.917500000000005400e+01
9.917000000000005855e+01
9.918500000000007333e+01
9.915000000000004832e+01
9.914000000000002899e+01
9.913000000000005230e+01
9.911000000000007049e+01
9.914000000000010004e+01
9.917500000000009663e+01
9.916500000000003467e+01
9.916000000000006764e+01
9.918000000000004945e+01
9.918500000000005912e+01
9.919500000000007844e+01
9.918000000000009209e+01
9.913500000000007617e+01
9.913000000000005230e+01
9.918000000000002103e+01
9.916000000000005343e+01
9.917000000000007276e+01
9.916500000000004889e+01
9.912500000000005684e+01
9.913000000000010914e+01
9.918000000000007788e+01
9.917500000000011084e+01
9.917000000000008697e+01
9.920500000000008356e+01
9.921500000000004604e+01
9.918000000000004945e+01
9.909500000000002728e+01
9.912000000000006139e+01
9.916500000000004889e+01
9.917000000000000171e+01
9.922500000000006537e+01
9.925000000000008527e+01
9.918000000000007788e+01
9.921000000000009322e+01
9.915500000000005798e+01
9.918000000000004945e+01
9.918500000000007333e+01
9.921000000000007901e+01
9.919500000000005002e+01
9.920000000000007390e+01
9.919500000000009265e+01
9.923000000000010346e+01
9.922000000000009834e+01
9.915000000000011937e+01
9.914000000000012847e+01
9.913000000000009493e+01
9.915500000000008640e+01
9.917000000000008697e+01
9.916000000000006764e+01
9.917500000000006821e+01
9.915000000000004832e+01
9.916500000000009152e+01
9.917000000000004434e+01
9.915000000000003411e+01
9.915000000000007674e+01
9.914000000000002899e+01
9.911500000000002331e+01
9.915000000000003411e+01
9.916000000000006764e+01
9.913000000000006651e+01
9.901500000000005741e+01
9.905500000000007788e+01
9.907500000000007390e+01
9.910500000000006082e+01
9.913500000000003354e+01
9.911500000000002331e+01
9.908500000000002217e+01
9.905000000000006821e+01
9.906000000000007333e+01
9.914000000000011426e+01
9.910500000000007503e+01
9.908500000000005059e+01
9.904000000000010573e+01
9.910500000000008924e+01
9.909000000000008868e+01
9.904500000000007276e+01
9.909500000000005571e+01
9.913000000000008072e+01
9.913000000000012335e+01
9.909500000000008413e+01
9.911000000000007049e+01
9.908000000000006935e+01
9.912500000000008527e+01
9.909000000000007446e+01
9.905500000000007788e+01
9.906500000000011141e+01
9.905500000000010630e+01
9.911500000000010857e+01
9.912000000000007560e+01
9.918500000000010175e+01
9.915500000000010061e+01
9.916000000000008185e+01
9.915500000000002956e+01
9.920000000000004547e+01
9.916000000000005343e+01
9.916000000000005343e+01
9.918000000000003524e+01
9.923000000000007503e+01
9.925000000000004263e+01
9.919000000000002615e+01
9.916500000000002046e+01
9.918500000000004491e+01
9.916000000000003922e+01
9.915500000000001535e+01
9.918500000000003070e+01
9.918500000000004491e+01
9.918000000000000682e+01
9.917500000000005400e+01
9.913500000000006196e+01
9.913000000000003809e+01
9.912500000000007105e+01
9.911000000000008470e+01
9.919000000000009720e+01
9.921000000000009322e+01
9.919000000000006878e+01
9.918000000000004945e+01
9.917500000000002558e+01
9.915500000000001535e+01
9.917000000000003013e+01
9.918000000000006366e+01
9.919500000000009265e+01
9.919000000000006878e+01
9.916500000000006310e+01
9.915500000000004377e+01
9.914000000000008583e+01
9.910500000000007503e+01
9.909500000000006992e+01
9.911000000000007049e+01
9.906000000000007333e+01
9.906000000000004491e+01
9.907500000000007390e+01
9.904000000000003467e+01
9.912500000000005684e+01
9.912000000000000455e+01
9.914999999999999147e+01
9.914000000000001478e+01
9.910999999999999943e+01
9.910000000000002274e+01
9.910500000000006082e+01
9.904000000000007731e+01
9.907500000000004547e+01
9.912500000000004263e+01
9.910000000000006537e+01
9.912000000000007560e+01
9.913000000000006651e+01
9.914000000000004320e+01
9.911500000000005173e+01
9.916500000000007731e+01
9.916500000000007731e+01
9.914500000000008129e+01
9.914000000000005741e+01
9.913500000000007617e+01
9.913500000000006196e+01
9.911500000000008015e+01
9.915500000000008640e+01
9.913500000000009038e+01
9.912000000000007560e+01
9.911500000000010857e+01
9.912500000000008527e+01
9.916500000000004889e+01
9.919500000000007844e+01
9.914000000000002899e+01
9.918500000000004491e+01
9.911000000000005627e+01
9.919500000000012108e+01
9.918000000000013472e+01
9.920500000000012619e+01
9.916500000000007731e+01
9.917500000000005400e+01
9.912000000000007560e+01
9.914000000000005741e+01
9.912500000000005684e+01
9.910500000000001819e+01
9.916000000000002501e+01
9.915500000000008640e+01
9.913500000000009038e+01
9.911000000000007049e+01
9.908500000000002217e+01
9.912000000000006139e+01
9.917000000000004434e+01
9.918500000000005912e+01
9.911500000000005173e+01
9.913000000000003809e+01
9.910000000000006537e+01
9.910500000000008924e+01
9.912500000000005684e+01
9.915500000000010061e+01
9.911500000000003752e+01
9.912500000000002842e+01
9.916000000000009607e+01
9.917500000000009663e+01
9.921500000000007446e+01
9.918500000000007333e+01
9.921500000000008868e+01
9.917500000000011084e+01
9.915500000000010061e+01
9.914000000000007162e+01
9.915500000000007219e+01
9.915000000000009095e+01
9.917000000000012960e+01
9.917500000000009663e+01
9.915000000000010516e+01
9.910000000000009379e+01
9.912500000000008527e+01
9.914500000000010971e+01
9.910000000000009379e+01
9.911500000000008015e+01
9.912500000000008527e+01
9.909500000000006992e+01
9.915500000000005798e+01
9.918000000000003524e+01
9.922500000000007958e+01
9.917500000000006821e+01
9.919000000000008299e+01
9.921500000000003183e+01
9.918500000000004491e+01
9.921000000000005059e+01
9.923500000000005627e+01
9.922000000000005571e+01
9.921500000000004604e+01
9.922500000000003695e+01
9.920500000000006935e+01
9.922500000000009379e+01
9.924500000000008981e+01
9.918500000000005912e+01
9.912500000000008527e+01
9.909500000000006992e+01
9.915500000000004377e+01
9.916500000000007731e+01
9.917000000000008697e+01
9.910500000000004661e+01
9.909500000000002728e+01
9.913500000000004775e+01
9.918500000000010175e+01
9.916000000000006764e+01
9.915000000000007674e+01
9.914500000000008129e+01
9.916500000000006310e+01
9.913500000000007617e+01
9.910500000000003240e+01
9.913999999999998636e+01
9.917000000000004434e+01
9.916000000000003922e+01
9.914500000000008129e+01
9.908500000000006480e+01
9.914000000000008583e+01
9.912500000000008527e+01
9.910500000000004661e+01
9.906000000000005912e+01
9.908000000000006935e+01
9.910000000000006537e+01
9.910000000000007958e+01
9.913000000000006651e+01
9.915500000000004377e+01
9.915500000000004377e+01
9.919000000000001194e+01
9.918000000000004945e+01
9.918000000000007788e+01
9.916000000000008185e+01
9.916000000000008185e+01
9.924500000000011823e+01
9.924500000000010402e+01
9.923000000000006082e+01
9.920500000000005514e+01
9.915500000000007219e+01
9.913000000000009493e+01
9.916000000000003922e+01
9.920000000000008811e+01
9.916000000000012449e+01
9.912000000000011823e+01
9.908500000000009322e+01
9.913000000000013756e+01
9.908000000000012619e+01
9.912500000000007105e+01
9.911000000000005627e+01
9.908500000000006480e+01
9.912500000000007105e+01
9.912000000000010402e+01
9.916500000000011994e+01
9.913500000000011880e+01
9.907000000000012108e+01
9.909000000000008868e+01
9.908500000000006480e+01
9.905500000000006366e+01
9.909500000000002728e+01
9.908500000000007901e+01
9.909000000000003183e+01
9.912500000000002842e+01
9.915000000000004832e+01
9.914000000000004320e+01
9.916500000000004889e+01
9.920000000000001705e+01
9.916500000000003467e+01
9.909500000000004150e+01
9.905500000000006366e+01
9.905500000000006366e+01
9.907000000000005002e+01
9.908000000000009777e+01
9.903000000000005798e+01
9.905000000000005400e+01
9.905000000000002558e+01
9.910500000000007503e+01
9.911500000000010857e+01
9.916500000000010573e+01
9.915000000000007674e+01
9.914000000000008583e+01
9.916500000000007731e+01
9.916000000000006764e+01
9.917000000000005855e+01
9.910500000000001819e+01
9.911500000000003752e+01
9.914500000000006708e+01
