5.450000000000002620e-01
8.800000000000005596e-01
1.239999999999999325e+00
1.409999999999997922e+00
1.619999999999997664e+00
1.839999999999996305e+00
2.084999999999996412e+00
2.314999999999995950e+00
2.549999999999995826e+00
2.789999999999996483e+00
2.979999999999997318e+00
3.199999999999997069e+00
3.444999999999997620e+00
3.744999999999997442e+00
3.999999999999997335e+00
4.154999999999995808e+00
4.379999999999997229e+00
4.564999999999996838e+00
4.819999999999995843e+00
5.014999999999995239e+00
5.234999999999996767e+00
5.540000000000001812e+00
5.755000000000003446e+00
5.935000000000004050e+00
6.170000000000008811e+00
6.375000000000008882e+00
6.655000000000009130e+00
6.810000000000009379e+00
7.035000000000009024e+00
7.240000000000008207e+00
7.470000000000006857e+00
7.715000000000005187e+00
7.920000000000003482e+00
8.115000000000000213e+00
8.329999999999998295e+00
8.574999999999995737e+00
8.874999999999992895e+00
9.109999999999992326e+00
9.354999999999987992e+00
9.579999999999987637e+00
9.829999999999984084e+00
9.999999999999991118e+00
1.021499999999999098e+01
1.038499999999998913e+01
1.066499999999999204e+01
1.094499999999999318e+01
1.117999999999999083e+01
1.134499999999998820e+01
1.156999999999999673e+01
1.175499999999999723e+01
1.199499999999999567e+01
1.224499999999999922e+01
1.248000000000000398e+01
1.272000000000000064e+01
1.290000000000000391e+01
1.314499999999999957e+01
1.346000000000000085e+01
1.374499999999999922e+01
1.397999999999999865e+01
1.418999999999999950e+01
1.439500000000000313e+01
1.463999999999999702e+01
1.481999999999999673e+01
1.504499999999999460e+01
1.525499999999999368e+01
1.548999999999999488e+01
1.572000000000000064e+01
1.594500000000000917e+01
1.614500000000001023e+01
1.637000000000000810e+01
1.657500000000001705e+01
1.675500000000000966e+01
1.702500000000000924e+01
1.724000000000000554e+01
1.740500000000000469e+01
1.769500000000000739e+01
1.787500000000001421e+01
1.803000000000001180e+01
1.831500000000000838e+01
1.863000000000000966e+01
1.893000000000002103e+01
1.914500000000002444e+01
1.941500000000001691e+01
1.957500000000002061e+01
1.984000000000001762e+01
2.001500000000000767e+01
2.021500000000000341e+01
2.046500000000000341e+01
2.067999999999999261e+01
2.097500000000000142e+01
2.119999999999999574e+01
2.142999999999999972e+01
2.163999999999999702e+01
2.188499999999999446e+01
2.206499999999999062e+01
2.229499999999998394e+01
2.250499999999998124e+01
2.269499999999998963e+01
2.290999999999998948e+01
2.316499999999999204e+01
2.339999999999999147e+01
2.358999999999999275e+01
2.384999999999999432e+01
2.407000000000000028e+01
2.431000000000000227e+01
2.450000000000000711e+01
2.475500000000000256e+01
2.502500000000000924e+01
2.528000000000001535e+01
2.546000000000001151e+01
2.570000000000001705e+01
2.600000000000001776e+01
2.618500000000000938e+01
2.642500000000001847e+01
2.667500000000002913e+01
2.693000000000002103e+01
2.711500000000001620e+01
2.731000000000001293e+01
2.753000000000000114e+01
2.778999999999999915e+01
2.797499999999999432e+01
2.818499999999999162e+01
2.841499999999998494e+01
2.865999999999998238e+01
2.892499999999998650e+01
2.916999999999998749e+01
2.941999999999998394e+01
2.958499999999998664e+01
2.980000000000000071e+01
2.999500000000000455e+01
3.021999999999999886e+01
3.048500000000000298e+01
3.076500000000000767e+01
3.095999999999999730e+01
3.119999999999999574e+01
3.138000000000001322e+01
3.161000000000001364e+01
3.179500000000001947e+01
3.202000000000001734e+01
3.227000000000002444e+01
3.257500000000002416e+01
3.275500000000000966e+01
3.294000000000000483e+01
3.321999999999999886e+01
3.341000000000001080e+01
3.370500000000001251e+01
3.398000000000001819e+01
3.423499999999999943e+01
3.439999999999999147e+01
3.462000000000000455e+01
3.481000000000000227e+01
3.502500000000001990e+01
3.525000000000001421e+01
3.543999999999999773e+01
3.568500000000000938e+01
3.590000000000001990e+01
3.614000000000001478e+01
3.634499999999999886e+01
3.652999999999997982e+01
3.672499999999998010e+01
3.692499999999999005e+01
3.719500000000000739e+01
3.743000000000000682e+01
3.767500000000000426e+01
3.791499999999999915e+01
3.807499999999998863e+01
3.832999999999997698e+01
3.853999999999999204e+01
3.876999999999999602e+01
3.900000000000001421e+01
3.923000000000001108e+01
3.942999999999999972e+01
3.965499999999999403e+01
3.991000000000001791e+01
4.006000000000000938e+01
4.030500000000000682e+01
4.056500000000001194e+01
4.083500000000001506e+01
4.104000000000002757e+01
4.124500000000004007e+01
4.143000000000005656e+01
4.167000000000003723e+01
4.186000000000001364e+01
4.208000000000001251e+01
4.230000000000001137e+01
4.248500000000000654e+01
4.267500000000002558e+01
4.297000000000002018e+01
4.320500000000001961e+01
4.347000000000002728e+01
4.370500000000001961e+01
4.394999999999999574e+01
4.413000000000000256e+01
4.431999999999997897e+01
4.459999999999997300e+01
4.480499999999996419e+01
4.500999999999999091e+01
4.523999999999998778e+01
4.549999999999996447e+01
4.570999999999996533e+01
4.587999999999995993e+01
4.609999999999996589e+01
4.635999999999997101e+01
4.657499999999996732e+01
4.678999999999995651e+01
4.700499999999996703e+01
4.729499999999998039e+01
4.755499999999998550e+01
4.775999999999999801e+01
4.802999999999998693e+01
4.822999999999997556e+01
4.847999999999996135e+01
4.872999999999996135e+01
4.897499999999997300e+01
4.915999999999995396e+01
4.934999999999997300e+01
4.958999999999998920e+01
4.974000000000000199e+01
4.997999999999998266e+01
5.021000000000000085e+01
5.046000000000004349e+01
5.068000000000002814e+01
5.099500000000001165e+01
5.120500000000001251e+01
5.137500000000001421e+01
5.159500000000002018e+01
5.175000000000000711e+01
5.202500000000001279e+01
5.220000000000001705e+01
5.238000000000001677e+01
5.259499999999999886e+01
5.287500000000000000e+01
5.306000000000001648e+01
5.331499999999999062e+01
5.348499999999998522e+01
5.371500000000000341e+01
5.391499999999999915e+01
5.423499999999997101e+01
5.444999999999996021e+01
5.465999999999997527e+01
5.487499999999996447e+01
5.512500000000001421e+01
5.534499999999999886e+01
5.553000000000000824e+01
5.571000000000000796e+01
5.593999999999999773e+01
5.615999999999994685e+01
5.637499999999994316e+01
5.657499999999995310e+01
5.690999999999994685e+01
5.710499999999995424e+01
5.728499999999996817e+01
5.747999999999996135e+01
5.773999999999995225e+01
5.796499999999994657e+01
5.819999999999994600e+01
5.843499999999993832e+01
5.864499999999993918e+01
5.886999999999994770e+01
5.907999999999998408e+01
5.933000000000001251e+01
5.957999999999999829e+01
5.981000000000000938e+01
6.004499999999998039e+01
6.030499999999997129e+01
6.052499999999998437e+01
6.075999999999997669e+01
6.099499999999998323e+01
6.116499999999999915e+01
6.139499999999997470e+01
6.157500000000000995e+01
6.189500000000004576e+01
6.214000000000002188e+01
6.239500000000001734e+01
6.261000000000001364e+01
6.277499999999999147e+01
6.299500000000001876e+01
6.328500000000000369e+01
6.349000000000001620e+01
6.374000000000002331e+01
6.402500000000004832e+01
6.435000000000005116e+01
6.454000000000006310e+01
6.478000000000004377e+01
6.500000000000002842e+01
6.521000000000005059e+01
6.540000000000003411e+01
6.559000000000004604e+01
6.581000000000003070e+01
6.601500000000005741e+01
6.623500000000004206e+01
6.646500000000001762e+01
6.670500000000002672e+01
6.698500000000001364e+01
6.717000000000000171e+01
6.733500000000002217e+01
6.757499999999997442e+01
6.788000000000000966e+01
6.806000000000000227e+01
6.826500000000001478e+01
6.851500000000004320e+01
6.867500000000002558e+01
6.896000000000003638e+01
6.913500000000003354e+01
6.937999999999998124e+01
6.956499999999996930e+01
6.977999999999998693e+01
6.999499999999996191e+01
7.031999999999996476e+01
7.050999999999996248e+01
7.073499999999995680e+01
7.099999999999995737e+01
7.126499999999994373e+01
7.147999999999994714e+01
7.167999999999994998e+01
7.193999999999994088e+01
7.218999999999999773e+01
7.243499999999998806e+01
7.263999999999995794e+01
7.288999999999995794e+01
7.306999999999996476e+01
7.331999999999995055e+01
7.352999999999998693e+01
7.373999999999998067e+01
7.390499999999997272e+01
7.410499999999998977e+01
7.435499999999998977e+01
7.459499999999998465e+01
7.482999999999996987e+01
7.505499999999999261e+01
7.521500000000000341e+01
7.535000000000002274e+01
7.554000000000004889e+01
7.575500000000000966e+01
7.600500000000003809e+01
7.622500000000003695e+01
7.650000000000004263e+01
7.670000000000003126e+01
7.694000000000005457e+01
7.715000000000001990e+01
7.735000000000005116e+01
7.755000000000006821e+01
7.783000000000004093e+01
7.803000000000002956e+01
7.830500000000000682e+01
7.852000000000005286e+01
7.876500000000005741e+01
7.890500000000004377e+01
7.918500000000004491e+01
7.942500000000003979e+01
7.964500000000006708e+01
7.989000000000004320e+01
8.012000000000000455e+01
8.029000000000004889e+01
8.059500000000001307e+01
8.083999999999998920e+01
8.105000000000001137e+01
8.128500000000002501e+01
8.146000000000003638e+01
8.174500000000003297e+01
8.193500000000000227e+01
8.216999999999997328e+01
8.233500000000000796e+01
8.259499999999998465e+01
8.276999999999999602e+01
8.299999999999998579e+01
8.322500000000000853e+01
8.351500000000004320e+01
8.372000000000005571e+01
8.393500000000008754e+01
8.413000000000008072e+01
8.426000000000003354e+01
8.449000000000003752e+01
8.476500000000004320e+01
8.503000000000001535e+01
8.525000000000004263e+01
8.545500000000001251e+01
8.568000000000003524e+01
8.590000000000001990e+01
8.616500000000003467e+01
8.638500000000001933e+01
8.660000000000002274e+01
8.685999999999998522e+01
8.707499999999998863e+01
8.727499999999997726e+01
8.755999999999995964e+01
8.773999999999996646e+01
8.798499999999999943e+01
8.821499999999998920e+01
8.847499999999999432e+01
8.867999999999999261e+01
8.895500000000002672e+01
8.923500000000004206e+01
8.942999999999997840e+01
8.961999999999997613e+01
8.979999999999999716e+01
9.000999999999996248e+01
9.021499999999994657e+01
9.048499999999989996e+01
9.066999999999993065e+01
9.090999999999988290e+01
9.106999999999990791e+01
9.130999999999993122e+01
9.152999999999995850e+01
9.173999999999996646e+01
9.197499999999996589e+01
9.214999999999996305e+01
9.241999999999997328e+01
9.267999999999997840e+01
9.287499999999991473e+01
9.311999999999993349e+01
9.330999999999995964e+01
9.351999999999995339e+01
9.376999999999996760e+01
9.399500000000001876e+01
9.422499999999999432e+01
9.440999999999999659e+01
9.464499999999996760e+01
9.484999999999995168e+01
9.503999999999987836e+01
9.518999999999985562e+01
9.534999999999988063e+01
9.555999999999990280e+01
9.575499999999993861e+01
9.597499999999993747e+01
9.609999999999993747e+01
9.627499999999992042e+01
9.639499999999992497e+01
9.656999999999986528e+01
9.672499999999985221e+01
9.680999999999990280e+01
9.702999999999990166e+01
9.712999999999992440e+01
9.730499999999992156e+01
9.740999999999992554e+01
9.748499999999994259e+01
9.761500000000000909e+01
9.777000000000002444e+01
9.790999999999999659e+01
9.796999999999997044e+01
9.801499999999997215e+01
9.809000000000000341e+01
9.817499999999999716e+01
9.824999999999998579e+01
9.829499999999997328e+01
9.838999999999995794e+01
9.848500000000001364e+01
9.852500000000000568e+01
9.861999999999999034e+01
9.870000000000004547e+01
9.870500000000005514e+01
9.874500000000003297e+01
9.882000000000003581e+01
9.880500000000002103e+01
9.882000000000003581e+01
9.884499999999999886e+01
9.884000000000001762e+01
9.890500000000000114e+01
9.895000000000001705e+01
9.892500000000002558e+01
9.898500000000007049e+01
9.901500000000004320e+01
9.903000000000005798e+01
9.907000000000005002e+01
9.911000000000004206e+01
9.910500000000007503e+01
9.912000000000003297e+01
9.911500000000005173e+01
9.912000000000000455e+01
9.911499999999999488e+01
9.911500000000000909e+01
9.906500000000008299e+01
9.909500000000008413e+01
9.908500000000010743e+01
9.908000000000011198e+01
9.912000000000008981e+01
9.906500000000011141e+01
9.906000000000014438e+01
9.905000000000009663e+01
9.908000000000004093e+01
9.909500000000005571e+01
9.914000000000004320e+01
9.915999999999996817e+01
9.908999999999998920e+01
9.908499999999997954e+01
9.911999999999997613e+01
9.910000000000003695e+01
9.907500000000008811e+01
9.911500000000008015e+01
9.912500000000005684e+01
9.906000000000008754e+01
9.907000000000010687e+01
9.905000000000009663e+01
9.913000000000012335e+01
9.914000000000012847e+01
9.915000000000013358e+01
9.913000000000009493e+01
9.912000000000008981e+01
9.908000000000002672e+01
9.908000000000005514e+01
9.909000000000008868e+01
9.908500000000005059e+01
9.911500000000002331e+01
9.907500000000003126e+01
9.911000000000002785e+01
9.910000000000006537e+01
9.913500000000009038e+01
9.907500000000010232e+01
9.904500000000012960e+01
9.903500000000011028e+01
9.904000000000011994e+01
9.908500000000007901e+01
9.915000000000009095e+01
9.914500000000005286e+01
9.910500000000000398e+01
9.915500000000000114e+01
9.917500000000005400e+01
9.918500000000004491e+01
9.918000000000003524e+01
9.913500000000001933e+01
9.916500000000007731e+01
9.916000000000001080e+01
9.918000000000004945e+01
9.914000000000004320e+01
9.919500000000010687e+01
9.923500000000005627e+01
9.920500000000004093e+01
9.921000000000007901e+01
9.916500000000009152e+01
9.915500000000007219e+01
9.914000000000007162e+01
9.922500000000006537e+01
9.922500000000007958e+01
9.920500000000009777e+01
9.921000000000009322e+01
9.918500000000005912e+01
9.917000000000005855e+01
9.919500000000003581e+01
9.917000000000010118e+01
9.916500000000010573e+01
9.918500000000008754e+01
9.917500000000005400e+01
9.915000000000001990e+01
9.917000000000003013e+01
9.917000000000001592e+01
9.914499999999999602e+01
9.913000000000002387e+01
9.910500000000000398e+01
9.915500000000002956e+01
9.912000000000000455e+01
9.912500000000005684e+01
9.909000000000007446e+01
9.909500000000004150e+01
9.912000000000007560e+01
9.913000000000005230e+01
9.918000000000009209e+01
9.917500000000009663e+01
9.916500000000004889e+01
9.915000000000009095e+01
9.910500000000008924e+01
9.914500000000012392e+01
9.919000000000011141e+01
9.922000000000011255e+01
9.917000000000007276e+01
9.917500000000006821e+01
9.915500000000004377e+01
9.913500000000004775e+01
9.913000000000000966e+01
9.913500000000001933e+01
9.908500000000005059e+01
9.908500000000007901e+01
9.920000000000005969e+01
9.915999999999998238e+01
9.914499999999996760e+01
9.916999999999998749e+01
9.917500000000002558e+01
9.919000000000002615e+01
9.922000000000002728e+01
9.920499999999999829e+01
9.915000000000000568e+01
9.918000000000003524e+01
9.917500000000006821e+01
9.914000000000005741e+01
9.916000000000006764e+01
9.921500000000006025e+01
9.920500000000006935e+01
9.915500000000007219e+01
9.917000000000007276e+01
9.915500000000008640e+01
9.911000000000008470e+01
9.909500000000011255e+01
9.909000000000008868e+01
9.914000000000005741e+01
9.913500000000007617e+01
9.920000000000007390e+01
9.918000000000004945e+01
9.917000000000005855e+01
9.917000000000004434e+01
9.917000000000007276e+01
9.917000000000005855e+01
9.919500000000002160e+01
9.917500000000002558e+01
9.923000000000003240e+01
9.921500000000000341e+01
9.915499999999998693e+01
9.920000000000005969e+01
9.920500000000002672e+01
9.917500000000002558e+01
9.916500000000002046e+01
9.916000000000002501e+01
9.917000000000005855e+01
9.912500000000004263e+01
9.909500000000001307e+01
9.918500000000001648e+01
9.913500000000003354e+01
9.914500000000009550e+01
9.916000000000006764e+01
9.919500000000009265e+01
9.916000000000012449e+01
9.918000000000010630e+01
9.914500000000008129e+01
9.913000000000009493e+01
9.920500000000008356e+01
9.915000000000003411e+01
9.914000000000004320e+01
9.910500000000007503e+01
9.911000000000004206e+01
9.915000000000004832e+01
9.917000000000000171e+01
9.913000000000002387e+01
9.914500000000006708e+01
9.915500000000007219e+01
9.917500000000005400e+01
9.918000000000009209e+01
9.916500000000007731e+01
9.917500000000008242e+01
9.911000000000009891e+01
9.917000000000010118e+01
9.913500000000009038e+01
9.915500000000011482e+01
9.914500000000010971e+01
9.911000000000008470e+01
9.907000000000003581e+01
9.909500000000001307e+01
9.911000000000005627e+01
9.909000000000004604e+01
9.914500000000005286e+01
9.921500000000006025e+01
9.923000000000006082e+01
9.917000000000004434e+01
9.917500000000003979e+01
9.922000000000008413e+01
9.917000000000010118e+01
9.913000000000010914e+01
9.912000000000008981e+01
9.917500000000006821e+01
9.914500000000009550e+01
9.915000000000011937e+01
9.916000000000008185e+01
9.917000000000007276e+01
9.923500000000007049e+01
9.920500000000005514e+01
9.924000000000000909e+01
9.917999999999999261e+01
9.919500000000005002e+01
9.916500000000006310e+01
9.914000000000004320e+01
9.913000000000003809e+01
9.914500000000002444e+01
9.909500000000002728e+01
9.912000000000003297e+01
9.915000000000003411e+01
9.914000000000004320e+01
9.907000000000003581e+01
9.908500000000003638e+01
9.910000000000009379e+01
9.909000000000008868e+01
9.907500000000003126e+01
9.909000000000004604e+01
9.910000000000002274e+01
9.910500000000004661e+01
9.909999999999999432e+01
9.909499999999999886e+01
9.917000000000003013e+01
9.913000000000003809e+01
9.916000000000002501e+01
9.917500000000005400e+01
9.916500000000011994e+01
9.917000000000011539e+01
9.925500000000006651e+01
9.921500000000006025e+01
9.921500000000006025e+01
9.922500000000009379e+01
9.924500000000008981e+01
9.919000000000008299e+01
9.920000000000007390e+01
9.926000000000009038e+01
9.919500000000007844e+01
9.918000000000012051e+01
9.916500000000009152e+01
9.917000000000008697e+01
9.919500000000009265e+01
9.917000000000010118e+01
9.919000000000008299e+01
9.916000000000008185e+01
9.919500000000007844e+01
9.919000000000001194e+01
9.919000000000005457e+01
9.911000000000007049e+01
9.910500000000007503e+01
9.912500000000009948e+01
9.914000000000005741e+01
9.911500000000006594e+01
9.914500000000006708e+01
9.913000000000006651e+01
9.913000000000006651e+01
9.912000000000006139e+01
9.906000000000005912e+01
9.909000000000008868e+01
9.911000000000009891e+01
9.917500000000003979e+01
9.912000000000008981e+01
9.911000000000008470e+01
9.910000000000006537e+01
9.911000000000007049e+01
9.909000000000007446e+01
9.903500000000012449e+01
9.912000000000011823e+01
9.911000000000011312e+01
9.911500000000010857e+01
9.911000000000009891e+01
9.911500000000006594e+01
9.913500000000007617e+01
9.914500000000005286e+01
9.918500000000004491e+01
9.919500000000006423e+01
9.923000000000006082e+01
9.920000000000001705e+01
9.917000000000003013e+01
9.917000000000004434e+01
9.916500000000003467e+01
9.919500000000000739e+01
9.916000000000003922e+01
9.914500000000003865e+01
9.915000000000004832e+01
9.920500000000002672e+01
9.913500000000001933e+01
9.915999999999999659e+01
9.913500000000000512e+01
9.914500000000006708e+01
