3.150000000000001688e-01
6.450000000000004619e-01
8.850000000000006750e-01
1.064999999999999725e+00
1.179999999999997939e+00
1.364999999999997771e+00
1.549999999999996492e+00
1.709999999999995968e+00
1.819999999999996065e+00
1.999999999999995559e+00
2.144999999999994689e+00
2.324999999999993516e+00
2.424999999999994937e+00
2.544999999999995488e+00
2.704999999999996518e+00
2.854999999999996430e+00
3.009999999999997122e+00
3.179999999999997051e+00
3.344999999999997975e+00
3.509999999999998455e+00
3.679999999999999716e+00
3.799999999999998934e+00
3.944999999999997176e+00
4.134999999999995346e+00
4.329999999999992966e+00
4.494999999999994778e+00
4.649999999999995026e+00
4.774999999999995026e+00
4.914999999999995595e+00
5.064999999999995950e+00
5.229999999999996874e+00
5.424999999999998934e+00
5.555000000000000604e+00
5.740000000000005542e+00
5.875000000000007994e+00
6.005000000000010552e+00
6.140000000000009450e+00
6.285000000000009912e+00
6.400000000000009237e+00
6.530000000000012683e+00
6.720000000000013074e+00
6.870000000000012541e+00
7.030000000000012683e+00
7.220000000000013074e+00
7.380000000000010552e+00
7.475000000000010303e+00
7.620000000000008100e+00
7.770000000000006679e+00
7.900000000000004796e+00
8.080000000000001847e+00
8.224999999999999645e+00
8.389999999999998792e+00
8.539999999999997371e+00
8.674999999999995381e+00
8.794999999999994600e+00
8.969999999999991758e+00
9.109999999999990550e+00
9.249999999999987566e+00
9.379999999999984794e+00
9.499999999999985789e+00
9.619999999999986784e+00
9.799999999999988276e+00
9.974999999999988987e+00
1.017999999999999261e+01
1.035999999999999588e+01
1.053999999999999382e+01
1.066499999999999027e+01
1.080499999999999794e+01
1.096499999999999986e+01
1.113999999999999702e+01
1.127000000000000135e+01
1.142500000000000249e+01
1.161499999999999844e+01
1.175000000000000178e+01
1.186000000000000298e+01
1.206500000000000128e+01
1.217500000000000249e+01
1.230500000000000149e+01
1.246500000000000341e+01
1.260500000000000398e+01
1.273500000000000121e+01
1.290499999999999048e+01
1.311499999999999488e+01
1.324500000000000099e+01
1.342000000000000171e+01
1.355500000000000682e+01
1.376000000000000689e+01
1.387000000000000099e+01
1.403500000000000192e+01
1.420500000000000007e+01
1.433999999999999986e+01
1.451000000000000334e+01
1.472500000000000142e+01
1.492499999999999716e+01
1.506000000000000583e+01
1.520000000000000995e+01
1.534500000000001130e+01
1.548000000000000576e+01
1.568000000000001393e+01
1.584000000000001585e+01
1.597000000000001485e+01
1.612500000000001066e+01
1.628500000000001080e+01
1.642500000000000782e+01
1.658000000000001251e+01
1.668500000000001293e+01
1.679000000000001336e+01
1.696500000000001762e+01
1.712000000000001876e+01
1.722000000000002018e+01
1.738500000000002288e+01
1.756000000000001648e+01
1.771500000000002117e+01
1.788500000000001933e+01
1.804500000000001592e+01
1.819500000000001805e+01
1.834000000000001052e+01
1.851500000000001478e+01
1.867000000000001592e+01
1.877500000000001279e+01
1.891499999999999915e+01
1.908000000000000540e+01
1.927500000000000924e+01
1.941000000000000014e+01
1.955000000000000071e+01
1.966999999999999815e+01
1.985000000000000142e+01
2.001000000000000156e+01
2.017999999999998906e+01
2.036000000000000298e+01
2.053999999999999559e+01
2.067499999999999361e+01
2.080000000000000071e+01
2.095000000000000995e+01
2.107500000000000284e+01
2.130500000000001037e+01
2.140000000000000213e+01
2.153999999999999915e+01
2.170999999999999019e+01
2.185499999999998266e+01
2.196499999999997854e+01
2.213499999999999091e+01
2.229499999999998394e+01
2.242999999999998550e+01
2.261999999999996902e+01
2.274999999999997158e+01
2.290999999999997527e+01
2.300499999999997414e+01
2.313499999999998735e+01
2.330999999999998096e+01
2.344499999999998252e+01
2.358999999999998920e+01
2.379999999999998650e+01
2.392499999999998295e+01
2.408999999999999631e+01
2.426999999999999957e+01
2.444500000000000384e+01
2.458000000000001251e+01
2.477500000000000213e+01
2.490999999999999304e+01
2.506000000000000227e+01
2.523000000000000043e+01
2.536499999999999488e+01
2.553500000000000014e+01
2.567999999999999972e+01
2.584499999999999531e+01
2.600000000000000355e+01
2.614500000000002089e+01
2.630500000000002103e+01
2.645000000000002771e+01
2.664500000000002800e+01
2.680000000000002913e+01
2.689500000000002089e+01
2.702500000000000924e+01
2.720000000000000995e+01
2.731500000000000483e+01
2.744500000000001450e+01
2.761500000000000909e+01
2.776000000000000512e+01
2.791500000000000270e+01
2.809000000000000341e+01
2.824500000000000455e+01
2.847499999999999787e+01
2.863500000000001222e+01
2.873500000000001364e+01
2.889500000000001023e+01
2.907000000000000384e+01
2.924500000000000810e+01
2.940000000000001634e+01
2.949000000000001620e+01
2.960500000000001819e+01
2.976000000000001577e+01
2.991500000000000981e+01
3.006999999999999673e+01
3.025000000000000000e+01
3.037999999999999901e+01
3.057000000000000028e+01
3.069999999999999929e+01
3.085499999999998977e+01
3.097999999999998266e+01
3.107999999999998764e+01
3.117999999999998550e+01
3.138999999999999346e+01
3.155999999999999872e+01
3.169499999999999673e+01
3.186499999999999488e+01
3.205500000000000682e+01
3.221000000000000796e+01
3.234000000000001052e+01
3.249000000000001620e+01
3.263500000000001933e+01
3.278000000000001535e+01
3.300000000000001421e+01
3.320000000000000284e+01
3.342500000000000426e+01
3.354500000000000881e+01
3.368500000000000938e+01
3.382499999999999574e+01
3.399500000000001165e+01
3.416500000000001336e+01
3.430000000000001847e+01
3.444000000000001904e+01
3.455500000000001393e+01
3.470500000000000540e+01
3.488000000000000256e+01
3.503000000000001535e+01
3.517000000000000171e+01
3.535500000000000398e+01
3.549499999999999744e+01
3.560500000000000398e+01
3.576000000000001933e+01
3.588500000000001933e+01
3.609500000000002018e+01
3.627000000000003865e+01
3.645000000000000284e+01
3.660999999999999233e+01
3.672999999999999687e+01
3.687500000000000000e+01
3.702000000000000313e+01
3.714499999999998892e+01
3.729499999999998749e+01
3.742000000000000171e+01
3.759500000000002018e+01
3.779000000000001336e+01
3.793000000000000682e+01
3.809000000000001762e+01
3.822500000000000853e+01
3.831000000000000938e+01
3.842499999999999716e+01
3.856499999999997641e+01
3.870999999999997954e+01
3.887499999999998579e+01
3.902999999999998693e+01
3.920999999999997243e+01
3.932999999999997698e+01
3.952499999999998437e+01
3.965499999999998693e+01
3.981999999999998607e+01
3.993999999999998352e+01
4.010999999999999943e+01
4.024000000000000199e+01
4.033500000000000796e+01
4.049000000000001620e+01
4.064999999999999147e+01
4.079999999999999005e+01
4.092499999999999716e+01
4.109500000000001307e+01
4.124000000000000199e+01
4.138000000000001677e+01
4.156500000000002615e+01
4.174500000000001876e+01
4.196000000000002217e+01
4.207500000000002416e+01
4.222000000000002018e+01
4.237000000000001165e+01
4.250500000000001677e+01
4.263500000000001933e+01
4.282000000000001450e+01
4.296500000000003183e+01
4.313999999999998636e+01
4.331499999999999773e+01
4.346999999999999176e+01
4.362499999999999289e+01
4.376000000000001933e+01
4.389500000000001023e+01
4.409500000000002728e+01
4.424000000000002331e+01
4.438499999999999801e+01
4.455499999999999261e+01
4.467499999999999005e+01
4.479000000000000625e+01
4.494499999999999318e+01
4.510999999999998522e+01
4.528499999999999659e+01
4.546499999999999631e+01
4.558499999999997243e+01
4.569999999999996021e+01
4.583999999999995367e+01
4.598999999999995225e+01
4.615499999999996561e+01
4.629999999999997584e+01
4.647999999999997556e+01
4.665499999999993719e+01
4.680499999999994287e+01
4.696999999999996334e+01
4.710999999999995680e+01
4.725499999999996703e+01
4.742499999999996874e+01
4.756999999999996476e+01
4.774499999999991928e+01
4.787999999999992440e+01
4.804499999999993776e+01
4.818999999999994088e+01
4.836999999999994770e+01
4.847499999999998010e+01
4.864499999999996049e+01
4.880999999999994543e+01
4.898499999999993548e+01
4.914999999999993463e+01
4.927999999999994429e+01
4.944999999999996021e+01
4.963499999999996959e+01
4.974499999999997613e+01
4.985500000000000398e+01
5.001000000000001933e+01
5.017000000000001592e+01
5.033000000000000540e+01
5.042000000000000171e+01
5.056000000000001648e+01
5.070500000000001251e+01
5.090500000000000824e+01
5.104000000000001336e+01
5.118500000000000938e+01
5.128000000000001535e+01
5.142499999999999716e+01
5.162000000000001165e+01
5.179000000000002757e+01
5.191500000000004889e+01
5.205500000000003524e+01
5.224500000000002586e+01
5.239000000000004320e+01
5.254500000000003723e+01
5.272500000000005116e+01
5.288500000000002643e+01
5.300000000000002842e+01
5.313500000000001222e+01
5.330500000000004235e+01
5.350000000000000000e+01
5.363500000000000512e+01
5.375000000000002132e+01
5.391500000000004178e+01
5.411000000000002075e+01
5.427500000000003411e+01
5.441499999999999204e+01
5.455999999999998806e+01
5.470999999999997243e+01
5.486499999999997357e+01
5.501499999999995794e+01
5.516499999999996362e+01
5.531499999999995509e+01
5.548999999999995936e+01
5.564999999999996305e+01
5.577499999999997726e+01
5.592499999999996874e+01
5.611499999999998778e+01
5.622499999999995879e+01
5.635999999999995680e+01
5.650499999999993150e+01
5.667999999999993577e+01
5.683499999999996533e+01
5.694999999999996732e+01
5.714499999999995339e+01
5.727999999999995850e+01
5.739499999999996760e+01
5.753999999999998494e+01
5.770999999999995822e+01
5.788499999999997669e+01
5.812499999999996447e+01
5.823499999999998522e+01
5.843999999999999062e+01
5.852499999999998437e+01
5.867499999999999005e+01
5.880999999999998806e+01
5.893999999999999773e+01
5.907999999999997698e+01
5.921499999999996788e+01
5.939499999999996760e+01
5.956499999999994799e+01
5.972999999999994714e+01
5.989999999999997726e+01
6.003499999999998948e+01
6.016999999999997328e+01
6.029999999999996874e+01
6.045499999999996987e+01
6.057499999999998153e+01
6.078000000000000114e+01
6.094500000000002160e+01
6.108000000000001251e+01
6.122500000000002984e+01
6.137499999999999289e+01
6.155999999999998806e+01
6.172999999999998977e+01
6.185999999999998522e+01
6.204999999999999005e+01
6.219000000000000483e+01
6.231000000000000227e+01
6.246000000000000796e+01
6.261499999999998778e+01
6.274500000000001165e+01
6.288500000000001933e+01
6.303500000000003212e+01
6.319500000000002160e+01
6.337000000000001165e+01
6.349000000000002331e+01
6.363999999999999346e+01
6.378999999999997783e+01
6.392999999999999261e+01
6.408000000000001251e+01
6.422500000000002274e+01
6.433500000000003638e+01
6.446500000000004604e+01
6.462000000000004718e+01
6.475500000000002387e+01
6.488500000000000512e+01
6.503000000000001535e+01
6.517500000000003979e+01
6.532000000000007844e+01
6.543000000000007788e+01
6.556000000000007333e+01
6.572000000000008413e+01
6.585500000000004661e+01
6.603500000000003922e+01
6.621500000000007446e+01
6.639000000000010004e+01
6.659500000000006992e+01
6.678000000000004377e+01
6.693500000000001648e+01
6.711500000000003752e+01
6.727000000000003865e+01
6.746000000000005059e+01
6.763000000000005230e+01
6.775500000000000966e+01
6.790500000000000114e+01
6.806500000000001194e+01
6.821499999999998920e+01
6.831999999999999318e+01
6.846500000000001762e+01
6.866499999999999204e+01
6.887499999999997158e+01
6.900500000000002387e+01
6.912500000000000000e+01
6.925500000000002387e+01
6.939000000000002899e+01
6.954500000000003013e+01
6.976500000000002899e+01
6.997499999999999432e+01
7.013499999999994827e+01
7.021499999999997499e+01
7.035499999999997556e+01
7.052000000000002444e+01
7.072999999999997556e+01
7.086499999999999488e+01
7.103499999999998238e+01
7.116500000000000625e+01
7.132500000000000284e+01
7.147499999999996589e+01
7.159499999999995623e+01
7.171499999999996078e+01
7.190499999999993008e+01
7.205499999999993577e+01
7.221499999999994657e+01
7.236999999999996191e+01
7.247999999999994714e+01
7.265499999999993008e+01
7.275499999999993861e+01
7.290499999999997272e+01
7.304499999999997328e+01
7.320999999999996533e+01
7.334999999999999432e+01
7.353999999999997783e+01
7.369499999999996476e+01
7.385999999999995680e+01
7.404999999999996874e+01
7.417999999999997840e+01
7.425999999999997669e+01
7.442999999999997840e+01
7.457499999999997442e+01
7.474000000000000909e+01
7.490000000000003411e+01
7.505000000000005400e+01
7.522500000000002274e+01
7.535000000000002274e+01
7.546500000000003183e+01
7.567000000000003013e+01
7.584999999999999432e+01
7.598000000000000398e+01
7.610999999999999943e+01
7.628499999999999659e+01
7.641499999999997783e+01
7.657000000000002160e+01
7.668500000000004491e+01
7.680500000000000682e+01
7.699000000000002331e+01
7.717500000000002558e+01
7.732000000000005002e+01
7.741000000000002501e+01
7.759000000000001762e+01
7.773000000000003240e+01
7.792000000000005855e+01
7.805000000000003979e+01
7.821000000000006480e+01
7.840000000000009095e+01
7.855500000000004945e+01
7.870500000000008356e+01
7.883500000000003638e+01
7.896000000000002217e+01
7.913500000000000512e+01
7.924500000000000455e+01
7.942000000000003013e+01
7.959500000000008413e+01
7.972000000000009834e+01
7.982500000000008811e+01
8.000000000000008527e+01
8.017000000000008697e+01
8.031000000000001648e+01
8.045000000000005969e+01
8.062500000000004263e+01
8.081500000000002615e+01
8.098500000000001364e+01
8.115000000000004832e+01
8.128000000000008640e+01
8.147000000000004150e+01
8.164500000000003865e+01
8.179500000000001592e+01
8.194500000000005002e+01
8.208000000000004093e+01
8.222500000000009379e+01
8.235000000000013642e+01
8.252500000000004832e+01
8.268000000000003524e+01
8.283500000000000796e+01
8.295499999999998408e+01
8.307500000000000284e+01
8.322500000000000853e+01
8.341500000000006310e+01
8.356000000000004491e+01
8.368500000000004491e+01
8.377500000000009095e+01
8.392500000000009663e+01
8.404500000000008697e+01
8.421000000000006480e+01
8.439500000000008129e+01
8.455500000000004945e+01
8.469000000000004036e+01
8.487500000000001421e+01
8.507500000000001705e+01
8.522500000000002274e+01
8.535500000000004661e+01
8.550000000000002842e+01
8.561499999999999488e+01
8.581500000000001194e+01
8.596000000000003638e+01
8.607000000000003581e+01
8.622000000000002728e+01
8.638500000000007617e+01
8.648500000000007049e+01
8.667000000000004434e+01
8.682500000000003126e+01
8.695499999999999829e+01
8.709000000000000341e+01
8.723000000000003240e+01
8.735999999999999943e+01
8.751999999999999602e+01
8.769499999999999318e+01
8.781499999999996930e+01
8.798999999999993804e+01
8.813499999999994827e+01
8.830499999999990735e+01
8.847499999999992326e+01
8.854999999999991189e+01
8.870499999999992724e+01
8.887999999999996703e+01
8.904999999999996874e+01
8.918499999999995964e+01
8.928499999999998238e+01
8.944499999999997897e+01
8.962999999999998124e+01
8.982999999999998408e+01
8.996499999999998920e+01
9.011499999999999488e+01
9.031499999999998352e+01
9.047999999999996135e+01
9.062999999999995282e+01
9.077999999999993008e+01
9.093999999999991246e+01
9.104999999999992610e+01
9.120499999999989882e+01
9.132499999999986073e+01
9.146499999999987551e+01
9.158499999999986585e+01
9.173999999999988120e+01
9.191999999999990223e+01
9.208499999999996533e+01
9.217499999999992610e+01
9.230999999999995964e+01
9.243999999999996930e+01
9.252999999999997272e+01
9.266999999999995907e+01
9.279999999999994031e+01
9.295999999999993690e+01
9.310999999999991417e+01
9.323999999999990962e+01
9.338999999999992951e+01
9.355499999999990735e+01
9.374499999999991928e+01
9.393999999999991246e+01
9.408499999999988006e+01
9.421999999999991360e+01
9.434999999999995168e+01
9.448499999999997101e+01
9.460999999999997101e+01
9.472499999999995168e+01
9.482499999999993179e+01
9.493999999999995509e+01
9.503999999999993520e+01
9.512999999999996703e+01
9.528999999999992099e+01
9.547499999999989484e+01
9.558499999999989427e+01
9.566499999999992099e+01
9.580499999999987892e+01
9.596499999999991815e+01
9.607999999999996987e+01
9.622999999999997556e+01
9.633499999999999375e+01
9.646499999999996078e+01
9.660499999999996135e+01
9.671499999999993236e+01
9.679999999999991189e+01
9.691999999999991644e+01
9.706499999999994088e+01
9.714499999999995339e+01
9.721999999999995623e+01
9.729999999999999716e+01
9.744499999999997897e+01
9.747499999999993747e+01
9.756999999999995055e+01
9.768499999999998806e+01
9.774999999999994316e+01
9.781499999999998352e+01
9.788500000000000512e+01
9.792499999999999716e+01
9.798499999999997101e+01
9.806999999999996476e+01
9.807999999999994145e+01
9.815499999999990166e+01
9.821499999999988972e+01
9.826999999999993918e+01
9.832999999999996987e+01
9.835999999999995680e+01
9.846999999999997044e+01
9.851499999999995794e+01
9.851999999999993918e+01
9.849999999999995737e+01
9.857499999999994600e+01
9.862000000000000455e+01
9.865499999999998693e+01
9.866500000000000625e+01
9.871000000000000796e+01
9.868999999999998352e+01
9.873499999999998522e+01
9.878500000000001080e+01
9.876999999999999602e+01
9.880999999999995964e+01
9.888000000000000966e+01
9.892500000000001137e+01
9.891999999999998749e+01
9.897000000000001307e+01
9.897000000000002728e+01
9.899500000000003297e+01
9.899500000000006139e+01
9.901000000000001933e+01
9.902500000000000568e+01
9.903000000000004377e+01
9.903000000000007219e+01
9.906500000000012562e+01
9.909500000000008413e+01
9.908000000000011198e+01
9.905500000000007788e+01
9.908500000000007901e+01
9.908500000000007901e+01
9.902500000000007674e+01
9.903000000000004377e+01
9.905500000000003524e+01
9.904500000000007276e+01
9.905000000000011084e+01
9.913000000000012335e+01
9.915500000000010061e+01
9.913000000000008072e+01
9.911500000000006594e+01
9.912000000000008981e+01
9.913500000000009038e+01
9.913000000000008072e+01
9.915000000000009095e+01
9.913500000000007617e+01
9.912000000000006139e+01
9.913500000000006196e+01
9.913000000000005230e+01
9.912500000000002842e+01
9.909000000000006025e+01
9.913000000000008072e+01
9.911000000000009891e+01
9.913500000000010459e+01
9.913000000000010914e+01
9.914000000000011426e+01
9.914000000000008583e+01
9.912000000000008981e+01
9.911500000000006594e+01
9.915500000000010061e+01
9.916500000000009152e+01
9.918500000000005912e+01
9.919500000000010687e+01
9.921000000000007901e+01
9.917500000000006821e+01
9.920000000000008811e+01
9.918500000000013017e+01
9.913500000000009038e+01
9.916000000000005343e+01
9.920500000000005514e+01
9.917500000000001137e+01
9.917000000000007276e+01
9.913500000000006196e+01
9.910000000000003695e+01
9.908500000000002217e+01
9.908500000000006480e+01
9.909000000000004604e+01
9.912500000000001421e+01
9.910500000000001819e+01
9.909000000000001762e+01
9.914000000000007162e+01
9.920000000000005969e+01
9.921000000000007901e+01
9.919000000000006878e+01
9.919000000000011141e+01
9.918500000000008754e+01
9.920500000000006935e+01
9.920000000000004547e+01
9.918000000000006366e+01
9.913500000000007617e+01
9.913500000000009038e+01
