4.450000000000002842e-01
7.700000000000005729e-01
1.015000000000000346e+00
1.249999999999998002e+00
1.454999999999997629e+00
1.634999999999997566e+00
1.749999999999997558e+00
1.904999999999996918e+00
2.089999999999994973e+00
2.304999999999993943e+00
2.449999999999994849e+00
2.594999999999995755e+00
2.829999999999998295e+00
2.944999999999998508e+00
3.099999999999998312e+00
3.259999999999998899e+00
3.449999999999997957e+00
3.639999999999997904e+00
3.809999999999998721e+00
3.969999999999997531e+00
4.124999999999997335e+00
4.264999999999997016e+00
4.429999999999996163e+00
4.669999999999997264e+00
4.859999999999998543e+00
5.050000000000002487e+00
5.265000000000002345e+00
5.415000000000003588e+00
5.660000000000005471e+00
5.825000000000006395e+00
5.995000000000009877e+00
6.205000000000008953e+00
6.365000000000010871e+00
6.575000000000010836e+00
6.665000000000011582e+00
6.800000000000011369e+00
6.995000000000011653e+00
7.150000000000011013e+00
7.300000000000009592e+00
7.470000000000007745e+00
7.650000000000006573e+00
7.875000000000003553e+00
8.064999999999999503e+00
8.254999999999997229e+00
8.449999999999995737e+00
8.624999999999992895e+00
8.799999999999986500e+00
8.999999999999987566e+00
9.164999999999993818e+00
9.379999999999991900e+00
9.579999999999989413e+00
9.774999999999987921e+00
9.934999999999988063e+00
1.008499999999999197e+01
1.026499999999999169e+01
1.042999999999999261e+01
1.060999999999999588e+01
1.079999999999999361e+01
1.095499999999999119e+01
1.112499999999999645e+01
1.125999999999999801e+01
1.144999999999999751e+01
1.164999999999999858e+01
1.189999999999999503e+01
1.208999999999999808e+01
1.222999999999999865e+01
1.242999999999999261e+01
1.259499999999999531e+01
1.275499999999999723e+01
1.291000000000000014e+01
1.310500000000000576e+01
1.324500000000000455e+01
1.343499999999999872e+01
1.365000000000000568e+01
1.382000000000000384e+01
1.395000000000000107e+01
1.410999999999999943e+01
1.429000000000000448e+01
1.450000000000000355e+01
1.469500000000000206e+01
1.490500000000000291e+01
1.508500000000000796e+01
1.531500000000000661e+01
1.551000000000000689e+01
1.568500000000000760e+01
1.583500000000001151e+01
1.598500000000001187e+01
1.614000000000001478e+01
1.627000000000000668e+01
1.643000000000001393e+01
1.658500000000001506e+01
1.674000000000001265e+01
1.691500000000000981e+01
1.712000000000001521e+01
1.730000000000001492e+01
1.747000000000001663e+01
1.766000000000001080e+01
1.784000000000000696e+01
1.798500000000001009e+01
1.817500000000000782e+01
1.832500000000000995e+01
1.849500000000001165e+01
1.865000000000001634e+01
1.880500000000002458e+01
1.899000000000002686e+01
1.914000000000001478e+01
1.935000000000001918e+01
1.955000000000002558e+01
1.978000000000001535e+01
1.997500000000002984e+01
2.017000000000001592e+01
2.035000000000002274e+01
2.054000000000001336e+01
2.070500000000001606e+01
2.092000000000001592e+01
2.109500000000000597e+01
2.127499999999999147e+01
2.143999999999999062e+01
2.166999999999999105e+01
2.184999999999998366e+01
2.200999999999998025e+01
2.220999999999997243e+01
2.240999999999998238e+01
2.253999999999998138e+01
2.272500000000000142e+01
2.286500000000000554e+01
2.307999999999998764e+01
2.323999999999998067e+01
2.342499999999997584e+01
2.358499999999997954e+01
2.384499999999996689e+01
2.403499999999997172e+01
2.420999999999997954e+01
2.440999999999998593e+01
2.456499999999999773e+01
2.472499999999999432e+01
2.491000000000001080e+01
2.511500000000001620e+01
2.524000000000000909e+01
2.541000000000001791e+01
2.561500000000001620e+01
2.581500000000002970e+01
2.597000000000002728e+01
2.615500000000002601e+01
2.636500000000003396e+01
2.654500000000003368e+01
2.670500000000002672e+01
2.690000000000003411e+01
2.708000000000002316e+01
2.723500000000002430e+01
2.738500000000002288e+01
2.759000000000001407e+01
2.777000000000001734e+01
2.794000000000001549e+01
2.809500000000002373e+01
2.826000000000001222e+01
2.843000000000001037e+01
2.861000000000001009e+01
2.881500000000000838e+01
2.899000000000000199e+01
2.914499999999998536e+01
2.929499999999998394e+01
2.947999999999998266e+01
2.960999999999998167e+01
2.981999999999997897e+01
3.003999999999997073e+01
3.020999999999997954e+01
3.035999999999997101e+01
3.048499999999998877e+01
3.068999999999997996e+01
3.083499999999997598e+01
3.101499999999997570e+01
3.120499999999999119e+01
3.139499999999998892e+01
3.157000000000000028e+01
3.171499999999999275e+01
3.187999999999999901e+01
3.205500000000000682e+01
3.224000000000002331e+01
3.238500000000002643e+01
3.262500000000002132e+01
3.278000000000001535e+01
3.291000000000000369e+01
3.304999999999999716e+01
3.327000000000001023e+01
3.348000000000001819e+01
3.365500000000002245e+01
3.385000000000002274e+01
3.399500000000002586e+01
3.417500000000002558e+01
3.435500000000002530e+01
3.452500000000001990e+01
3.470000000000000995e+01
3.487500000000002132e+01
3.503000000000000824e+01
3.519000000000000483e+01
3.535000000000001563e+01
3.550000000000000000e+01
3.569000000000000483e+01
3.586499999999999488e+01
3.601000000000000512e+01
3.620999999999999375e+01
3.640999999999999659e+01
3.652999999999999403e+01
3.669500000000000028e+01
3.686000000000000654e+01
3.702500000000000568e+01
3.724500000000001165e+01
3.744999999999999574e+01
3.763999999999999346e+01
3.784999999999998010e+01
3.801999999999998892e+01
3.818999999999999062e+01
3.839999999999999858e+01
3.855499999999999261e+01
3.870499999999999119e+01
3.885499999999998977e+01
3.903999999999999204e+01
3.922499999999998721e+01
3.941499999999999204e+01
3.956499999999999773e+01
3.971999999999999886e+01
3.988999999999998636e+01
4.005499999999997840e+01
4.023999999999998778e+01
4.041499999999999915e+01
4.061500000000000199e+01
4.079000000000002046e+01
4.096499999999999631e+01
4.114499999999998892e+01
4.124499999999997613e+01
4.145499999999999119e+01
4.164500000000000313e+01
4.180999999999999517e+01
4.198999999999999488e+01
4.217500000000001847e+01
4.237000000000001876e+01
4.254000000000001336e+01
4.268500000000000938e+01
4.290500000000003666e+01
4.308500000000000796e+01
4.327500000000000568e+01
4.344000000000002615e+01
4.359500000000002728e+01
4.377000000000003155e+01
4.394000000000004036e+01
4.409500000000003439e+01
4.425000000000000711e+01
4.440000000000001279e+01
4.461500000000000909e+01
4.481500000000000483e+01
4.500500000000000256e+01
4.518499999999998806e+01
4.537999999999997414e+01
4.556999999999998607e+01
4.576999999999998181e+01
4.594999999999997442e+01
4.611999999999996902e+01
4.630499999999995708e+01
4.650999999999994827e+01
4.666999999999995907e+01
4.681999999999998607e+01
4.700999999999996959e+01
4.722499999999997300e+01
4.738999999999997925e+01
4.745499999999996987e+01
4.761999999999998323e+01
4.776999999999996049e+01
4.793499999999995964e+01
4.811999999999997613e+01
4.836499999999998067e+01
4.855999999999996675e+01
4.867999999999997129e+01
4.885999999999997101e+01
4.902999999999999403e+01
4.918499999999999517e+01
4.936499999999999488e+01
4.957500000000000284e+01
4.977500000000001279e+01
4.994000000000001194e+01
5.012000000000001876e+01
5.027499999999999147e+01
5.041500000000000625e+01
5.058000000000000540e+01
5.073500000000000654e+01
5.088000000000000966e+01
5.106999999999998607e+01
5.121999999999999886e+01
5.137500000000001421e+01
5.156500000000001194e+01
5.173500000000002075e+01
5.193500000000001648e+01
5.215000000000003411e+01
5.229500000000004434e+01
5.250500000000003809e+01
5.272000000000004150e+01
5.290000000000002700e+01
5.313000000000003098e+01
5.328000000000002245e+01
5.343000000000002814e+01
5.362500000000001421e+01
5.381000000000002359e+01
5.393000000000006366e+01
5.411500000000003752e+01
5.428500000000004633e+01
5.451500000000003610e+01
5.468500000000002359e+01
5.477000000000001023e+01
5.495000000000000284e+01
5.512999999999996703e+01
5.533999999999996788e+01
5.550499999999998124e+01
5.567499999999999005e+01
5.584499999999996334e+01
5.600499999999995993e+01
5.618499999999995964e+01
5.638499999999999091e+01
5.657499999999997442e+01
5.672999999999996845e+01
5.695499999999998408e+01
5.709999999999996589e+01
5.726999999999998181e+01
5.750999999999997669e+01
5.770499999999996987e+01
5.787499999999995737e+01
5.803499999999996106e+01
5.824999999999999289e+01
5.835999999999999233e+01
5.853999999999994941e+01
5.869999999999995310e+01
5.891499999999994230e+01
5.905999999999994543e+01
5.924999999999990763e+01
5.943499999999993122e+01
5.961499999999993804e+01
5.974999999999995737e+01
5.989999999999999147e+01
6.004499999999999460e+01
6.022499999999998721e+01
6.038000000000000966e+01
6.057500000000000995e+01
6.076499999999997925e+01
6.091999999999996618e+01
6.107499999999996732e+01
6.125999999999996959e+01
6.142999999999996419e+01
6.157999999999994856e+01
6.178999999999994941e+01
6.197999999999998977e+01
6.215000000000001279e+01
6.230500000000001393e+01
6.247500000000001563e+01
6.272000000000002018e+01
6.293000000000003524e+01
6.308500000000002927e+01
6.329500000000004434e+01
6.339500000000003865e+01
6.356500000000004746e+01
6.372500000000003695e+01
6.390500000000001535e+01
6.405000000000002558e+01
6.420000000000000284e+01
6.435999999999997101e+01
6.460499999999998977e+01
6.478000000000001535e+01
6.492000000000003013e+01
6.512000000000003297e+01
6.524000000000002331e+01
6.544000000000002615e+01
6.566000000000006764e+01
6.579500000000004434e+01
6.598500000000005627e+01
6.611000000000002785e+01
6.628500000000006764e+01
6.650000000000009948e+01
6.666500000000004889e+01
6.688000000000006651e+01
6.708500000000005059e+01
6.726000000000004775e+01
6.742000000000007276e+01
6.758500000000005059e+01
6.775000000000001421e+01
6.792000000000003013e+01
6.810500000000003240e+01
6.822500000000002274e+01
6.840000000000009095e+01
6.858500000000006480e+01
6.877000000000003865e+01
6.890500000000004377e+01
6.912500000000002842e+01
6.929500000000003013e+01
6.947000000000002728e+01
6.968499999999998806e+01
6.982499999999997442e+01
6.999499999999999034e+01
7.014499999999998181e+01
7.033999999999998920e+01
7.054499999999997328e+01
7.070500000000001251e+01
7.090999999999993975e+01
7.107999999999996987e+01
7.122999999999996135e+01
7.143999999999994088e+01
7.155499999999992156e+01
7.175499999999991019e+01
7.188999999999994373e+01
7.205999999999995964e+01
7.227999999999995850e+01
7.244999999999993179e+01
7.266499999999994941e+01
7.284499999999992781e+01
7.304999999999998295e+01
7.322999999999994714e+01
7.342999999999999261e+01
7.360000000000002274e+01
7.379000000000000625e+01
7.395499999999999829e+01
7.412499999999998579e+01
7.424500000000000455e+01
7.442499999999998295e+01
7.459499999999998465e+01
7.476999999999995339e+01
7.492999999999999261e+01
7.505499999999999261e+01
7.525499999999996703e+01
7.542000000000000171e+01
7.562500000000000000e+01
7.579000000000002046e+01
7.599500000000003297e+01
7.619000000000005457e+01
7.634000000000008868e+01
7.649000000000009436e+01
7.668000000000006366e+01
7.684000000000006025e+01
7.705000000000006821e+01
7.717000000000004434e+01
7.732000000000005002e+01
7.745500000000004093e+01
7.762000000000000455e+01
7.782499999999997442e+01
7.799499999999997613e+01
7.814999999999997726e+01
7.830999999999998806e+01
7.852499999999994884e+01
7.867999999999999261e+01
7.884500000000002728e+01
7.904000000000000625e+01
7.923000000000004661e+01
7.945000000000001705e+01
7.961499999999998067e+01
7.977500000000000568e+01
7.997000000000001307e+01
8.010000000000003695e+01
8.027000000000003865e+01
8.044000000000009720e+01
8.061000000000008470e+01
8.080500000000002103e+01
8.094500000000002160e+01
8.114500000000002444e+01
8.132000000000000739e+01
8.149000000000003752e+01
8.167000000000003013e+01
8.187500000000004263e+01
8.199500000000004718e+01
8.216000000000002501e+01
8.236000000000004206e+01
8.255000000000003979e+01
8.281499999999996930e+01
8.297000000000001307e+01
8.320999999999997954e+01
8.338000000000000966e+01
8.356499999999998352e+01
8.371499999999997499e+01
8.386999999999999034e+01
8.405499999999997840e+01
8.422000000000005571e+01
8.440000000000004832e+01
8.455000000000005400e+01
8.473000000000007503e+01
8.490000000000006253e+01
8.506500000000004036e+01
8.525000000000002842e+01
8.540500000000001535e+01
8.558000000000002672e+01
8.573999999999999488e+01
8.591500000000002046e+01
8.614500000000003865e+01
8.634500000000004150e+01
8.653500000000002501e+01
8.671500000000001762e+01
8.686499999999999488e+01
8.700499999999999545e+01
8.716500000000002046e+01
8.730499999999999261e+01
8.746499999999997499e+01
8.759999999999996589e+01
8.779999999999995453e+01
8.794499999999996476e+01
8.804499999999994486e+01
8.822999999999993292e+01
8.841999999999997328e+01
8.856999999999999318e+01
8.877499999999997726e+01
8.895000000000000284e+01
8.913500000000000512e+01
8.935999999999995680e+01
8.953499999999992554e+01
8.974499999999987665e+01
8.990999999999988290e+01
9.013999999999995794e+01
9.023999999999999488e+01
9.042499999999996874e+01
9.055999999999993122e+01
9.073999999999992383e+01
9.089999999999989200e+01
9.111999999999984823e+01
9.133999999999986130e+01
9.152499999999987779e+01
9.170999999999989427e+01
9.189999999999987779e+01
9.206499999999989825e+01
9.221999999999997044e+01
9.241499999999996362e+01
9.257999999999994145e+01
9.273999999999998067e+01
9.293000000000000682e+01
9.315500000000001535e+01
9.334000000000000341e+01
9.352499999999999147e+01
9.367000000000000171e+01
9.382499999999996021e+01
9.394999999999990337e+01
9.414999999999992042e+01
9.429499999999994486e+01
9.443499999999993122e+01
9.458999999999993236e+01
9.471999999999994202e+01
9.488999999999994373e+01
9.506499999999992667e+01
9.520499999999992724e+01
9.536499999999989541e+01
9.548499999999988574e+01
9.557999999999991303e+01
9.573999999999992383e+01
9.585999999999994259e+01
9.599999999999995737e+01
9.613999999999992951e+01
9.628499999999991132e+01
9.644999999999990337e+01
9.654499999999990223e+01
9.667499999999991189e+01
9.681499999999989825e+01
9.695499999999987040e+01
9.701499999999988688e+01
9.709499999999988518e+01
9.717999999999990735e+01
9.733999999999993236e+01
9.742999999999997840e+01
9.752499999999999147e+01
9.761500000000002331e+01
9.776999999999999602e+01
9.780999999999995964e+01
9.784499999999994202e+01
9.794999999999996021e+01
9.801999999999995339e+01
9.811999999999997613e+01
9.819000000000004036e+01
9.826500000000000057e+01
9.832000000000002160e+01
9.835500000000003240e+01
9.838999999999997215e+01
9.844500000000000739e+01
9.856499999999996930e+01
9.860499999999996135e+01
9.864499999999992497e+01
9.871499999999993236e+01
9.876499999999992951e+01
9.875999999999996248e+01
9.880999999999993122e+01
9.883499999999992269e+01
9.885499999999997556e+01
9.884499999999998465e+01
9.886999999999994770e+01
9.891499999999997783e+01
9.893500000000000227e+01
9.890499999999997272e+01
9.895499999999996987e+01
9.901499999999998636e+01
9.909000000000001762e+01
9.908000000000004093e+01
9.909000000000003183e+01
9.905000000000001137e+01
9.906000000000003070e+01
9.904000000000000625e+01
9.906500000000005457e+01
9.909000000000007446e+01
9.914000000000007162e+01
9.913500000000007617e+01
9.908000000000006935e+01
9.909500000000004150e+01
9.915500000000005798e+01
9.916500000000006310e+01
9.917000000000003013e+01
9.918000000000006366e+01
9.915500000000005798e+01
9.917500000000005400e+01
9.917500000000005400e+01
9.916000000000003922e+01
9.917000000000003013e+01
9.915500000000005798e+01
9.919000000000006878e+01
9.918500000000013017e+01
9.921000000000007901e+01
9.919000000000006878e+01
9.912500000000007105e+01
9.914000000000004320e+01
9.912500000000002842e+01
9.912000000000000455e+01
9.912500000000000000e+01
9.909500000000002728e+01
9.909500000000001307e+01
9.911000000000002785e+01
9.909500000000005571e+01
9.913000000000002387e+01
9.910000000000003695e+01
9.914000000000005741e+01
9.908500000000005059e+01
9.914500000000002444e+01
9.913000000000000966e+01
9.915000000000004832e+01
9.911000000000004206e+01
9.910000000000003695e+01
9.915000000000006253e+01
9.911500000000005173e+01
9.912000000000006139e+01
9.913000000000008072e+01
9.916000000000002501e+01
9.921000000000005059e+01
9.922500000000010800e+01
9.924000000000008015e+01
9.923500000000008470e+01
9.917000000000010118e+01
9.921500000000011710e+01
9.917000000000011539e+01
9.919000000000009720e+01
9.918500000000008754e+01
9.919500000000007844e+01
9.918000000000006366e+01
9.921000000000005059e+01
9.918500000000007333e+01
9.917500000000008242e+01
9.916000000000009607e+01
9.916500000000004889e+01
9.915500000000008640e+01
9.916500000000007731e+01
9.917500000000001137e+01
9.917500000000003979e+01
9.913500000000007617e+01
9.912000000000007560e+01
9.913500000000010459e+01
9.916000000000009607e+01
9.916000000000011028e+01
9.914500000000006708e+01
9.915500000000001535e+01
9.915000000000003411e+01
9.918500000000003070e+01
9.920500000000004093e+01
9.921500000000006025e+01
9.922000000000009834e+01
9.921000000000012164e+01
9.919500000000009265e+01
9.918000000000010630e+01
9.919000000000005457e+01
9.914500000000005286e+01
9.910000000000010800e+01
9.909500000000002728e+01
9.908000000000001251e+01
9.910000000000000853e+01
9.907000000000003581e+01
9.910000000000005116e+01
9.907999999999999829e+01
9.903499999999999659e+01
9.910500000000004661e+01
9.911000000000008470e+01
9.911500000000005173e+01
9.912000000000006139e+01
9.914000000000005741e+01
9.912000000000003297e+01
9.913500000000004775e+01
9.911500000000005173e+01
9.917000000000005855e+01
9.910500000000003240e+01
9.913500000000006196e+01
9.912500000000007105e+01
9.914500000000005286e+01
9.910999999999999943e+01
9.911500000000002331e+01
9.912500000000004263e+01
9.911000000000004206e+01
9.911000000000005627e+01
9.916000000000008185e+01
9.915500000000007219e+01
9.913500000000009038e+01
9.913500000000004775e+01
9.916000000000008185e+01
9.911000000000005627e+01
9.911500000000002331e+01
9.912500000000002842e+01
9.911499999999998067e+01
9.914999999999999147e+01
9.911000000000004206e+01
9.910000000000003695e+01
9.909000000000007446e+01
9.914000000000004320e+01
9.917000000000008697e+01
9.917500000000006821e+01
9.916500000000004889e+01
9.918500000000004491e+01
9.914000000000002899e+01
9.914500000000008129e+01
9.911500000000003752e+01
9.913000000000006651e+01
9.913500000000006196e+01
9.914000000000007162e+01
9.912500000000005684e+01
9.914500000000008129e+01
9.908000000000006935e+01
9.915000000000007674e+01
9.916000000000011028e+01
9.916000000000006764e+01
9.915000000000003411e+01
9.908499999999999375e+01
9.910000000000005116e+01
9.915000000000003411e+01
9.918000000000004945e+01
9.918000000000007788e+01
9.914500000000008129e+01
9.918000000000007788e+01
9.918000000000006366e+01
9.919000000000004036e+01
9.917500000000003979e+01
9.915500000000005798e+01
9.916500000000006310e+01
9.917000000000004434e+01
9.917499999999999716e+01
9.921500000000008868e+01
9.919000000000004036e+01
9.919500000000003581e+01
9.919500000000007844e+01
9.920500000000009777e+01
